N 3000
R 7000
Tp 1
Ts 4000
1722, 896
6659, 7738
6819, 7185
4752, 7198
2901, 5673
7250, 5161
1903, 2296
4777, 8089
2316, 6428
6349, 9983
3222, 9268
9632, 5640
4197, 6237
434, 4551
7284, 11
6659, 4369
9796, 2790
5492, 8181
5786, 3470
2854, 6726
3332, 4684
4580, 5062
3338, 2854
8269, 8480
4671, 7791
7193, 9170
9302, 2825
1901, 6454
5297, 5879
6585, 2507
3188, 4420
6718, 2133
2584, 4474
6221, 5581
7996, 5568
8379, 678
6854, 6467
3600, 9518
7767, 8511
6159, 1356
9405, 3274
4432, 4701
5906, 1709
4009, 1157
9793, 7904
1195, 9892
6569, 3905
7560, 4118
1625, 7137
547, 4023
5067, 4795
5584, 6338
4510, 5569
1450, 788
1084, 6325
1779, 5665
3498, 2625
9206, 9026
878, 6052
1560, 2058
9994, 6938
2061, 9220
8438, 9254
1335, 8139
7964, 2831
5402, 437
2861, 4436
7627, 7325
5425, 1932
2598, 6587
3500, 3582
8974, 3635
2988, 6810
9839, 4007
4846, 9587
2895, 9081
1280, 282
5395, 3168
1633, 5784
7663, 3526
6517, 8743
5973, 9869
6373, 1422
3183, 4140
7107, 695
6231, 5178
314, 2782
5587, 2229
1876, 632
7054, 7278
3990, 6797
9441, 261
3670, 7668
433, 7581
3597, 8794
4114, 6652
2151, 7215
1146, 4690
1366, 9885
7744, 6355
3046, 7173
6114, 6962
3116, 5784
2742, 7307
9080, 4031
4280, 5245
6938, 4743
4355, 3859
5377, 1436
2699, 9198
6861, 9217
2326, 8177
3078, 6538
9659, 536
5510, 4886
9650, 1925
3905, 8700
139, 7512
1349, 8112
2427, 4763
8188, 9410
9585, 6407
1134, 9492
3287, 9447
1668, 9078
5300, 3703
6343, 8320
6158, 6424
8663, 4795
5981, 1603
6376, 9772
9162, 3687
7750, 1502
5174, 9809
9849, 8763
3447, 8951
8899, 8583
1885, 4145
502, 873
9795, 4260
1940, 918
8193, 6860
6094, 5308
2783, 9782
6429, 9896
5011, 8071
703, 5476
2139, 140
4825, 4576
2423, 8720
6748, 6396
2157, 9043
7634, 7504
2304, 7005
3655, 2649
9227, 9471
3988, 8272
2518, 5025
4758, 455
3931, 9822
8893, 4531
6499, 4777
2289, 6273
9466, 6250
2319, 4951
2673, 5768
8161, 9400
1570, 6197
3468, 6162
2637, 1153
7859, 7496
897, 2668
3785, 3095
199, 7803
6835, 6424
5608, 2501
6891, 8145
4767, 9307
3969, 184
2969, 8531
4476, 7109
3945, 2368
2430, 9506
648, 5119
8646, 4369
4377, 4095
2607, 9163
7803, 3774
6918, 6353
4279, 2781
6169, 2528
5130, 7375
4490, 3958
1676, 2163
9043, 299
7086, 6379
4595, 1231
659, 5225
7494, 8334
9269, 917
7251, 2706
4840, 9501
7183, 4837
3804, 1770
7424, 9632
4268, 1594
7260, 6245
8515, 3008
9583, 8278
4894, 6340
5978, 2641
8780, 7816
9673, 5465
3571, 7512
6877, 4913
6076, 5884
9272, 1255
1150, 2478
3240, 1178
4568, 4979
8282, 5482
5048, 6184
1376, 4843
7097, 3227
7821, 6885
8585, 6402
4316, 2235
4152, 2411
4097, 4310
284, 3026
6103, 7758
6594, 3320
2825, 7956
3087, 6886
3260, 7727
8820, 1086
4713, 9233
7280, 5434
4137, 5317
9759, 8628
1288, 2631
3872, 8609
1964, 3840
5189, 2155
6111, 7516
5459, 4345
424, 8058
3289, 7645
2713, 9343
9326, 6634
5793, 8567
6051, 719
9137, 1306
7463, 8485
731, 1623
4521, 9745
4294, 8352
5368, 7014
9358, 1825
1191, 3146
505, 366
8204, 2227
7572, 3768
3191, 8846
5388, 891
8896, 8188
6569, 1367
4537, 4538
4469, 8297
3395, 5595
8826, 214
8460, 2884
8232, 6531
1125, 9667
5702, 4708
2354, 1709
5008, 4607
8091, 5219
7231, 8332
2864, 4160
2823, 8812
5897, 2482
42, 8322
2171, 1058
3545, 898
8214, 274
186, 4757
3323, 1154
9237, 502
9595, 9854
1256, 9788
8027, 1208
4811, 6181
2004, 3341
5534, 2331
4582, 9495
5614, 2405
4156, 5327
7750, 8941
3003, 4332
3234, 7897
8085, 2604
7967, 9976
6778, 6398
4766, 6987
4478, 6618
2648, 6894
5109, 7870
7004, 9938
9738, 5637
4515, 2328
2703, 4438
9588, 5148
6911, 871
5219, 1211
4031, 603
1156, 7010
5764, 8303
141, 3860
174, 9021
9338, 9368
2113, 7483
2346, 6829
5844, 5556
3271, 4811
1122, 6256
4707, 5352
7454, 5250
573, 9859
3588, 8974
6627, 7312
2971, 1173
8722, 9904
8614, 5454
8600, 749
8409, 5075
9323, 8511
3113, 5061
3042, 6222
8460, 6701
6977, 3268
7552, 6289
930, 7998
8920, 9550
3742, 31
7280, 7512
9900, 7585
1809, 3291
8800, 4185
8992, 8733
3317, 1845
3617, 4067
9461, 8917
3706, 3149
7012, 9780
9906, 3150
6733, 7569
6808, 8603
2036, 5630
3167, 880
2875, 9700
7, 3065
2144, 3761
2295, 916
516, 6736
3542, 369
5142, 6739
6234, 4722
1277, 9854
5096, 5765
3220, 5299
4137, 2347
7072, 2070
4861, 8564
334, 4317
2905, 361
8663, 9478
7852, 7478
5637, 1269
4368, 1730
9487, 6728
9452, 7772
6240, 2216
6, 772
5910, 606
7942, 5683
1159, 8784
8853, 2344
62, 7863
1220, 8559
7666, 5694
410, 5536
711, 4777
373, 3746
3214, 800
305, 1194
3575, 3766
8678, 4132
9160, 6682
8043, 2812
9669, 2729
3913, 4138
1487, 8798
619, 5944
2394, 3464
6545, 1121
1989, 6326
6740, 1703
3982, 6545
564, 3185
9614, 9894
4381, 7455
7584, 158
5479, 4044
8128, 6460
5500, 4655
2366, 3715
3301, 3550
6241, 6210
9246, 5423
8696, 2301
7448, 5036
2492, 8232
9581, 2323
9761, 2434
3822, 3815
475, 2844
4728, 6118
766, 9141
7461, 1032
8989, 1219
6014, 2225
7300, 4832
1470, 4259
9361, 6943
562, 8147
9501, 4489
5453, 4517
2505, 5672
8440, 7335
7539, 4000
4630, 2600
7272, 7909
3414, 1155
9635, 1949
1682, 7404
2308, 4114
6532, 4117
4972, 7668
7847, 621
9620, 121
3035, 182
845, 9058
2195, 9601
3666, 2155
3625, 7833
473, 1758
482, 9976
1673, 150
3179, 7562
7238, 4363
2386, 7068
1335, 8350
7906, 4832
7625, 9442
5510, 1936
1980, 4501
8190, 685
4875, 9514
4191, 1363
569, 4773
2837, 5002
7175, 8850
7172, 6348
4082, 2386
2524, 8398
8665, 3042
1227, 429
6924, 1034
5516, 9542
6447, 5135
6829, 161
5006, 6902
5822, 1579
8571, 7158
6677, 6607
324, 6744
3295, 4481
3551, 1742
2145, 7223
5239, 4605
7324, 1683
1136, 1336
3567, 6961
3653, 7226
2007, 2474
7972, 1216
1729, 2323
3999, 561
9359, 8949
6051, 442
1481, 73
5301, 6474
2299, 512
7208, 3191
6637, 1260
1883, 6908
8224, 1679
4928, 7584
6339, 9870
3720, 339
9365, 9665
2057, 647
9174, 7962
8289, 1961
9670, 6079
4516, 6667
3023, 5174
7266, 3055
3454, 4572
9188, 3058
1147, 9665
3844, 7250
3483, 5556
2508, 8429
5627, 5591
279, 2728
2861, 606
964, 7609
319, 3978
5338, 5698
4422, 6316
2853, 4187
9418, 488
4573, 5450
1195, 8264
2055, 4209
7137, 2137
9653, 4612
5841, 4327
3929, 4501
2283, 4560
3144, 750
7152, 743
1897, 2810
5025, 855
620, 4177
4131, 8657
5751, 9791
6047, 7493
6156, 1775
1110, 809
5190, 745
5569, 3225
754, 6837
7670, 8347
7723, 6634
7142, 5885
9342, 2840
6148, 2862
3212, 2846
1664, 6421
9853, 1817
3761, 5730
1297, 7402
5298, 3103
1537, 5091
3027, 6211
8181, 9550
8160, 6179
8959, 3081
6366, 725
1701, 8113
626, 9634
7788, 4762
2204, 3799
6927, 5689
2304, 4377
4303, 9375
1829, 8146
1381, 6546
6886, 8044
4674, 6457
2599, 6777
3447, 4163
2642, 8157
6961, 1877
5326, 2473
5612, 6511
5713, 324
4360, 5993
6364, 2871
7609, 6575
8357, 6022
3848, 6550
8834, 6790
4759, 8490
7057, 7328
9362, 7206
2132, 4560
5889, 6446
4378, 8330
1146, 972
4345, 2042
3699, 7894
6935, 8022
4725, 5160
4297, 7378
8492, 4612
6066, 5807
7706, 7410
4012, 7826
1868, 9445
7541, 7373
4005, 4956
6145, 92
9062, 6098
2125, 1806
3007, 7379
9124, 8365
5470, 2523
3818, 9708
2982, 9324
7045, 8892
4796, 7899
1772, 3610
1035, 8568
472, 105
3351, 4153
3271, 7128
5934, 4258
2639, 3504
4859, 7970
1775, 2125
20, 3789
1137, 8278
4611, 9138
2092, 2842
769, 5960
871, 8504
8878, 9370
8647, 7307
8382, 5708
6073, 2592
7517, 5576
2683, 6774
1699, 5434
7220, 6593
7699, 2644
9780, 3899
1597, 9662
6742, 4744
6915, 9102
7475, 5540
3113, 7841
3920, 5563
5397, 3971
4151, 5716
7462, 2864
2563, 7963
1506, 6871
3124, 3002
8535, 4536
2931, 9155
3299, 9386
96, 6860
6270, 3275
39, 2168
7317, 9013
3696, 4366
2994, 5209
102, 5368
7254, 9147
847, 1722
7097, 8170
6810, 9613
6921, 5818
9672, 6599
46, 9616
7520, 4377
4654, 7785
7974, 997
6652, 5736
6982, 2505
5114, 5866
4858, 7916
3472, 855
5196, 6708
5189, 6791
9701, 8594
3706, 1534
6771, 507
3638, 9638
5529, 2019
1308, 1751
5488, 3096
3417, 9062
2683, 9321
6569, 7719
1369, 3057
873, 5408
3796, 5187
2167, 588
7590, 4707
2869, 6601
5787, 8367
2781, 9599
5777, 7193
6318, 4157
7596, 2770
8053, 9681
7558, 2516
8615, 3347
9091, 2795
2330, 5470
2067, 5874
6116, 6445
8545, 678
1547, 7566
4648, 4457
4571, 918
262, 3173
9862, 4529
8040, 9178
4501, 659
3620, 3510
5405, 1904
8582, 7440
3341, 4757
9810, 2769
7108, 6817
9416, 1680
2111, 6691
1990, 9817
3328, 4849
7607, 6313
8346, 1906
6377, 2536
1080, 6425
1532, 9139
8110, 606
9111, 549
9752, 9691
164, 4209
9854, 8912
796, 1103
6617, 9155
7341, 7168
7551, 9991
6903, 1936
5978, 3432
3734, 4680
4615, 6561
9178, 780
4969, 1322
3842, 3767
9374, 8161
2999, 1873
8282, 2947
3477, 8907
3471, 1767
5748, 503
1694, 152
5701, 3158
7335, 4141
519, 9919
925, 5943
8906, 3049
1061, 4070
1003, 9462
3836, 9304
3645, 44
9208, 1408
9545, 4640
6247, 5246
6796, 3681
3924, 1840
3023, 4318
3928, 2309
9988, 726
3900, 3722
1804, 5643
9037, 3923
149, 1585
3896, 55
2433, 856
1941, 4424
5154, 387
3537, 5966
7105, 4901
3779, 7120
2413, 4760
9280, 5630
6753, 9369
2649, 2941
7743, 7251
6690, 7184
5544, 5734
398, 7119
3197, 6372
2726, 7751
6463, 3768
408, 270
1827, 8643
6908, 5536
7730, 9380
4898, 9451
7325, 7507
6263, 9956
1421, 7291
8759, 7893
5960, 6786
9964, 2595
9952, 7590
7188, 959
5413, 4981
3537, 2425
3403, 3097
8937, 4636
3878, 3998
6990, 6475
2690, 305
1480, 4198
2223, 6008
8670, 5736
6185, 9736
724, 3632
1445, 8582
4846, 345
8520, 1246
1491, 6040
2786, 3577
7181, 9091
5479, 7135
8028, 1609
5166, 4921
8122, 1313
1523, 3361
5897, 9794
4519, 6040
3129, 556
6167, 8564
7414, 8354
4170, 5349
5246, 8149
7011, 562
9039, 7550
7015, 3988
7743, 3447
4872, 5102
4229, 6390
8352, 1847
4805, 8071
6202, 7623
1322, 9301
3193, 6106
1067, 8917
9852, 2595
4991, 5120
9801, 2368
845, 6666
2134, 9318
6125, 4003
5464, 1497
2746, 3418
7810, 8634
5897, 4841
383, 7182
8834, 5681
5050, 4150
7869, 4179
4842, 3856
1673, 3159
3580, 8410
9701, 477
2536, 1886
8305, 9182
7110, 5806
8671, 7806
5113, 8829
6083, 272
1145, 9992
1162, 5765
8943, 3231
8262, 6275
2841, 212
183, 2559
3565, 447
9302, 294
2954, 1355
123, 5933
8042, 2817
5198, 3779
1620, 447
2714, 3232
1135, 1924
9950, 8445
3232, 9626
5469, 3311
9236, 33
1637, 3457
3225, 2980
1676, 2333
8278, 3003
6343, 342
4060, 3308
2612, 6677
9412, 3966
5671, 527
4199, 4603
2578, 8943
1101, 8129
5854, 5077
9997, 9526
6726, 4010
6323, 2998
2434, 2975
175, 2635
3857, 497
5754, 535
8767, 4219
4420, 768
8102, 569
521, 4328
1553, 9140
2514, 7016
7628, 8862
6775, 4425
4759, 7308
2594, 4159
3673, 8395
5902, 5043
3233, 8432
4463, 2107
4200, 9073
5548, 680
6195, 7721
935, 4043
2900, 2492
1453, 1492
1663, 1911
1624, 6025
6714, 8530
3297, 8064
6174, 2806
5667, 9897
3755, 6437
1596, 1243
6439, 5754
908, 3529
9927, 9294
9840, 2593
2886, 8708
5800, 545
1794, 3442
7684, 4422
3734, 3340
3790, 6578
386, 6174
9472, 3593
7319, 1830
854, 2041
5966, 5676
7966, 5139
5688, 6336
8908, 2266
7616, 5774
8810, 7959
4061, 7551
1165, 3767
3396, 8751
514, 1505
5482, 439
711, 7624
1606, 3719
1927, 3241
2181, 4290
1821, 3025
2263, 469
2746, 4991
9207, 6245
7377, 2113
7912, 8116
7151, 3566
1387, 7264
8248, 703
4013, 5512
4780, 3115
9229, 7164
153, 7933
5180, 8048
3082, 1796
2412, 1036
3613, 2823
9483, 1219
211, 3442
5753, 3166
4736, 8210
2292, 9925
5298, 233
8389, 2297
5070, 7919
243, 9137
6053, 245
150, 9391
8518, 2311
2982, 5853
6638, 381
3650, 6633
826, 6878
5228, 1899
9293, 8898
609, 3039
1549, 8289
9510, 8660
3687, 6957
1247, 7024
3235, 6874
1033, 3709
6066, 8614
6295, 1315
4291, 6232
9658, 9555
4982, 6489
1784, 4350
2792, 7993
5215, 5920
5549, 2192
6052, 5388
907, 5283
6004, 3013
2546, 5870
6939, 1943
1562, 8708
3747, 9584
7494, 2480
6836, 1582
5540, 6278
3306, 5989
6006, 6556
4661, 7341
1242, 8590
9049, 5574
4213, 2275
2693, 6458
9583, 5562
1377, 2077
2824, 656
4896, 1459
5945, 9361
7125, 318
8981, 6631
8322, 7058
989, 7236
2860, 2520
8194, 1145
8314, 171
9574, 7729
2988, 9010
2524, 701
4473, 5626
8942, 5836
9600, 9200
4668, 9430
5040, 4792
1586, 4965
1891, 8604
4803, 9041
9269, 1877
4337, 1351
4226, 8623
4175, 8213
7694, 5580
4462, 8500
1150, 3480
7715, 5266
9939, 2339
6361, 8379
839, 9520
6915, 2836
1232, 2106
9578, 7572
833, 4238
8420, 6144
8176, 7769
2966, 593
4882, 9358
4432, 9795
9218, 5364
9206, 9373
1809, 8826
9824, 1512
3528, 1848
1143, 3981
8041, 5844
9535, 8496
2867, 4717
2340, 2099
7603, 279
1741, 1624
9879, 1427
9070, 7431
2639, 9034
3945, 9480
3229, 839
2132, 4958
7675, 5486
6390, 3233
7723, 4989
3626, 518
7801, 6301
870, 2428
7405, 1332
566, 2661
9453, 6651
7201, 5935
5328, 5047
5054, 5918
2045, 3926
9935, 7080
3809, 4840
1178, 605
3023, 7192
5609, 3825
625, 3125
6904, 7480
3293, 2241
8635, 7772
1875, 3909
8082, 7422
5043, 3695
2853, 3911
2396, 4713
6889, 7625
367, 5191
6181, 6663
258, 9661
3678, 4781
8448, 1019
1517, 1918
1694, 9142
931, 4248
8632, 6963
4771, 7782
2601, 2243
8349, 130
8074, 8694
4859, 8532
2017, 4797
3620, 1548
267, 3536
9391, 968
7701, 984
5842, 6098
6132, 5659
4791, 5130
9253, 7938
6399, 7019
5438, 4680
7841, 2332
8498, 9121
4283, 8277
3156, 1412
3945, 6428
9811, 9255
4708, 1563
2996, 6918
8369, 5536
414, 7887
8378, 833
3662, 5277
1930, 3657
3466, 2974
2898, 5956
8946, 1267
9145, 1666
1651, 5028
8768, 2540
1286, 2606
9123, 3169
1269, 6107
9867, 1498
174, 3515
2656, 4626
4160, 1412
2764, 7916
9185, 9828
4651, 6448
1074, 1630
4126, 7222
1850, 3353
7327, 2590
1455, 6241
7551, 9193
1076, 2487
4555, 1255
7852, 3532
7821, 8702
2317, 8678
319, 1443
7599, 4748
4586, 3353
7955, 5428
8604, 3555
65, 3654
2808, 1719
2969, 8381
3992, 2
6043, 586
5661, 8402
5939, 6628
7351, 9651
4876, 7264
7424, 9690
533, 3624
5090, 8263
5536, 7516
6473, 5883
1015, 2946
9475, 3910
2586, 6666
1716, 6811
4723, 179
6871, 1138
3627, 6596
8910, 3594
3509, 1000
250, 2361
2071, 6761
7686, 9825
7802, 5159
6430, 8290
9351, 5990
1869, 8422
3521, 8657
291, 7388
3201, 3934
6278, 4756
1788, 7392
2240, 6788
3009, 3155
9734, 4005
2783, 5272
3480, 445
6884, 7405
7476, 1433
592, 1863
2453, 3639
1975, 3102
5690, 7918
8853, 8406
6113, 7706
4443, 22
6945, 8728
2072, 8359
295, 9674
1188, 1467
8, 8311
1606, 9015
5974, 5778
6789, 4046
7774, 6757
9115, 1291
2269, 5051
8293, 1546
5699, 7463
7767, 4772
2640, 1492
3244, 2358
3963, 937
6299, 6029
5185, 72
8358, 4000
2794, 5076
3756, 8745
8583, 13
7054, 4353
888, 3130
751, 823
7530, 9617
2788, 9357
3597, 2229
9690, 5984
436, 4541
4535, 7969
7430, 237
6137, 7557
3537, 3875
7307, 7509
2814, 5233
1926, 1523
1119, 7170
9412, 3386
1285, 7450
8464, 2352
8670, 238
2617, 1435
5884, 3069
8244, 6893
9297, 5194
2209, 9789
8822, 8999
2822, 291
8587, 1535
1032, 4928
1273, 8544
8281, 1400
2339, 1428
7931, 3501
5146, 5579
5906, 5081
2383, 4854
631, 7063
4436, 6770
6072, 8047
5660, 1118
4541, 9884
1457, 411
2566, 684
6324, 6752
2161, 5795
7646, 7639
7383, 1228
101, 5720
4854, 4542
4363, 3871
1289, 406
2833, 4700
8419, 8903
2264, 8439
2138, 6827
9208, 7934
8608, 7796
3353, 7885
2334, 4051
879, 9689
3177, 6500
4051, 3321
4950, 2980
1771, 6593
121, 2065
9260, 1852
6057, 4908
9510, 581
8352, 7037
2766, 3250
8335, 3972
3337, 2062
1182, 3911
9859, 7458
4288, 7261
8416, 6287
3044, 2709
1050, 8266
9785, 6132
6553, 692
1673, 9625
1984, 9861
5030, 2591
7892, 4389
9299, 7198
9432, 439
6665, 4878
1299, 9058
4025, 5242
563, 1485
7905, 4157
8379, 9398
6520, 4315
4152, 3886
5187, 3486
7249, 2917
9434, 2492
9693, 7838
4181, 3601
4974, 6063
4047, 3231
9179, 184
5869, 7230
8907, 8877
2840, 2593
9613, 737
6165, 2967
7701, 1425
5270, 3515
7409, 1930
9898, 1673
2073, 5384
1023, 1084
3813, 3548
9752, 4777
5848, 1208
2281, 4546
4250, 2747
9439, 5160
6436, 7572
733, 5664
2084, 1444
6705, 5504
3441, 8789
2500, 807
9336, 5600
6752, 710
4932, 7120
2093, 7599
9917, 177
6900, 7608
8679, 2260
9733, 6876
8683, 6018
2131, 5278
5458, 1450
3452, 3067
1998, 9913
9751, 9291
7315, 3429
3158, 8724
4178, 6358
4523, 6491
8599, 1858
1911, 4119
3800, 7027
6029, 5332
8014, 9494
3830, 9089
6992, 3443
701, 2759
4746, 2004
3738, 278
2733, 3733
1964, 9725
6080, 3302
1295, 5237
6436, 7407
4638, 3276
1765, 7377
50, 5801
3580, 1333
5944, 1088
4737, 51
5520, 6820
4590, 1297
5841, 2116
4751, 3430
5547, 868
9910, 9738
9765, 7737
4618, 5452
8292, 6784
3439, 287
2029, 1803
5330, 5778
7377, 8249
8811, 6011
103, 4257
708, 5983
7592, 6635
8793, 9040
2804, 1691
9397, 100
9282, 1771
5036, 5037
2212, 324
6648, 3483
4713, 5432
6602, 1674
3691, 9183
4338, 5305
9913, 2667
7642, 8409
6992, 7866
8156, 1133
9170, 3609
4132, 2676
5112, 9056
8209, 9201
9603, 6541
6900, 6435
3374, 4816
3787, 310
2208, 5792
2600, 1525
1246, 6281
2921, 3913
2525, 6147
3565, 5923
885, 1472
9292, 5282
6705, 2833
5557, 1186
3314, 7541
6693, 8737
6003, 6304
5619, 8447
6952, 8596
9289, 8145
688, 5950
9580, 4130
3097, 7839
9356, 9927
4546, 9733
2903, 45
4844, 1462
6089, 4418
8441, 825
1470, 9612
4119, 5457
6119, 954
9734, 7622
9019, 661
388, 5377
7557, 7282
8363, 4484
5067, 519
6944, 9957
9534, 3495
8876, 3381
2029, 7020
3287, 7776
7573, 4496
2544, 1795
4532, 1576
2681, 5477
3435, 8158
7023, 68
7904, 7209
3128, 3293
9139, 347
3413, 6232
7129, 7415
7, 429
6084, 2429
7470, 1527
724, 4355
8556, 5219
6342, 6049
9767, 6404
5130, 1145
7166, 8615
5043, 1266
7699, 7886
5672, 6656
5174, 4956
7047, 1713
7587, 8476
7241, 246
3378, 4574
8609, 7900
2332, 5422
2429, 5830
9757, 1314
4479, 1337
6965, 8337
3558, 1427
2808, 6475
725, 1817
7525, 408
2085, 4812
8036, 3905
1254, 2375
6953, 6005
2769, 4600
3957, 2953
9577, 9112
3579, 8912
4431, 7641
1136, 514
6805, 1275
5131, 9452
2842, 3466
13, 2676
4244, 7400
5818, 9398
6940, 6083
2325, 8448
5331, 3634
5402, 2951
6547, 5249
5108, 2020
4032, 6887
2191, 4623
1277, 4928
1783, 4006
9882, 572
9232, 1130
2299, 3619
6543, 6214
1268, 1619
1365, 6908
7889, 5159
3148, 8366
2338, 2598
3546, 8902
4324, 5510
435, 1939
1306, 6219
779, 2528
698, 8623
5688, 1410
2132, 4399
8918, 1487
3501, 1232
9284, 9397
1274, 173
7275, 1822
9912, 1710
1343, 1582
2728, 2838
8478, 5446
9303, 5113
7910, 2857
6092, 8696
5395, 3639
4795, 8907
550, 2539
391, 6794
4673, 3118
6019, 3991
8078, 7719
1353, 8651
3184, 7040
5428, 9068
6961, 4645
8792, 3223
5402, 3339
7250, 3824
897, 6602
6921, 5652
9820, 2425
9940, 4519
1397, 9285
8645, 7070
262, 9677
2883, 2491
6563, 9837
4821, 5617
982, 6165
5930, 7667
9542, 8710
310, 4733
1889, 6584
2343, 2622
3176, 8458
2118, 2113
74, 4232
3832, 1382
2968, 6626
516, 5266
5192, 9199
9455, 9904
2373, 9373
915, 4706
5076, 5427
9790, 1672
641, 2037
2967, 8027
4824, 9715
2651, 2519
8975, 3679
2341, 2435
7760, 4264
2221, 9790
4197, 7416
6487, 56
4428, 855
2028, 8986
570, 9642
2934, 1075
7228, 6860
6996, 4000
9496, 2455
6205, 8182
1042, 9278
4594, 6351
650, 7594
6956, 8496
803, 7919
4405, 6435
511, 875
6770, 8405
7990, 2106
8894, 7821
9269, 2905
3698, 4024
4050, 8613
1008, 7101
3646, 7279
5742, 5586
7828, 4063
6080, 6443
5022, 465
9695, 6857
5030, 1728
5013, 5815
6474, 2030
4458, 7820
6985, 4685
8424, 206
1194, 5261
9579, 2340
8955, 5570
3893, 517
1879, 8737
2686, 5890
8049, 8584
2280, 6061
8301, 9575
4496, 3909
7486, 255
784, 7439
714, 6757
2418, 4803
5065, 1922
5983, 8288
1084, 8762
1846, 9340
8763, 6151
4936, 7707
2951, 8610
8255, 7883
5150, 7070
79, 4987
5084, 2417
7941, 6454
4366, 5359
3628, 2400
7667, 1412
2238, 1307
4299, 2206
7031, 9158
4433, 4709
1046, 7923
9237, 5912
3469, 9652
2978, 2838
9703, 3121
4542, 6245
6921, 7112
9584, 2658
1857, 8385
3387, 3302
3275, 333
7833, 769
2451, 6587
9299, 2837
4340, 8038
316, 5922
4239, 6271
7038, 6249
6935, 562
7788, 5471
3593, 2663
4982, 1313
8458, 1080
3627, 3423
5224, 3626
1593, 5030
5266, 2922
383, 4189
6100, 6101
7652, 9067
7882, 4595
961, 2899
6085, 4369
3433, 30
4124, 9291
2057, 8948
6634, 5442
9865, 8854
7765, 7679
8786, 6186
7199, 6228
6779, 788
421, 6971
1580, 5518
2053, 8510
2131, 9076
6124, 9506
6356, 7198
6557, 4016
7946, 5035
3630, 7569
701, 9926
2109, 3862
5804, 6696
9712, 7441
4330, 4282
2137, 2148
2597, 9668
3160, 6724
7297, 5799
5658, 7033
147, 8596
3520, 2261
5593, 8695
8730, 2350
4839, 8787
2082, 7466
9756, 3467
7510, 6438
2067, 3274
7021, 8643
117, 944
3034, 5341
2556, 4298
9550, 7513
9603, 7005
568, 5243
2281, 1598
9527, 2050
8660, 5473
1441, 6976
2097, 1324
4764, 5673
6810, 8999
2233, 2135
3649, 3154
416, 7400
41, 6691
5079, 9317
531, 5194
5148, 5135
966, 6707
3298, 4520
1704, 2264
8296, 699
5913, 3952
9316, 6506
9615, 2872
6943, 1602
8219, 1916
6474, 8221
7914, 8387
9647, 1683
7576, 292
3154, 7470
2064, 1064
8918, 7369
9934, 8350
7324, 2291
8085, 6788
822, 5990
1644, 7177
3081, 2687
1890, 4061
3137, 9609
339, 5217
318, 2523
5811, 6032
9533, 3914
3640, 6249
3105, 2524
3796, 8776
8704, 7579
5263, 9760
6266, 4641
8739, 9176
468, 1622
1681, 7807
9123, 4308
609, 6573
2484, 435
3078, 4871
7544, 966
2064, 3278
3117, 8288
7627, 2341
6824, 2996
4773, 9278
3725, 5993
2461, 8080
6481, 9702
9799, 8630
967, 2959
1436, 2103
9207, 7148
4574, 5261
5581, 8530
7464, 7124
6925, 4097
8180, 4258
916, 1274
4279, 29
8521, 4986
7639, 5885
2275, 8471
8780, 2112
6164, 5
36, 3763
8723, 8486
5281, 7540
6872, 3132
5869, 9889
9440, 5084
3646, 3996
4592, 1601
9844, 7166
4437, 5082
7374, 2100
6586, 9362
8045, 8651
7380, 5657
5089, 1092
7384, 9267
3759, 979
300, 3517
8132, 4250
1146, 6344
3379, 5629
1072, 3284
202, 8946
8485, 394
3475, 8487
9446, 9590
1958, 5999
4734, 495
8556, 9082
4837, 6916
9966, 752
159, 1652
7308, 746
7861, 6794
3897, 8334
4241, 4596
2531, 2245
962, 6446
2129, 746
3872, 2464
6358, 9409
1737, 1952
9874, 1697
8874, 7685
7927, 8367
4745, 6538
8792, 7817
8527, 4651
9214, 2508
5203, 272
2484, 8867
5746, 9747
1458, 2029
8938, 3918
2840, 9273
1765, 2646
5808, 160
771, 3726
998, 5118
6785, 970
5011, 2303
1766, 7313
4116, 8019
4059, 5389
1129, 5597
9978, 1795
4490, 5022
1487, 7097
5268, 2776
3452, 793
9297, 2338
7593, 6273
4742, 3959
6760, 6499
4133, 8939
6343, 3952
3443, 5948
2526, 5548
5604, 5248
1496, 7710
4306, 9857
5566, 7319
7277, 530
9151, 956
2140, 6812
6092, 1617
4001, 7961
6415, 5684
4395, 4172
2908, 564
9141, 5291
7376, 3980
6364, 9707
3510, 5343
7630, 8950
5352, 4577
1437, 2139
6435, 6960
498, 963
1139, 3742
3887, 7755
5725, 5340
1869, 3219
9212, 4852
8036, 1202
5570, 2099
6841, 1251
3008, 9217
6513, 544
690, 6895
6436, 3337
4993, 7611
2973, 4401
6796, 6947
1246, 2950
545, 3028
1984, 4283
4356, 3309
8551, 3939
1250, 2053
884, 7052
5104, 6102
7445, 9878
9228, 4820
9063, 8143
9637, 5934
2235, 5916
4455, 1936
9879, 9429
7214, 3506
7699, 670
844, 7649
2659, 8926
5317, 2968
9061, 5566
7879, 9579
8320, 1520
7336, 7823
1357, 5928
5703, 8025
769, 7275
7381, 4498
2648, 3251
3308, 867
9918, 8173
989, 1843
518, 2528
2216, 9994
8270, 89
4932, 5553
4185, 3927
4159, 4329
300, 1456
3023, 9956
6613, 1582
7526, 7619
1860, 9578
4740, 2829
5662, 7795
518, 6857
4838, 4827
9309, 697
1916, 1455
3482, 8995
4210, 9232
6644, 8668
2745, 6227
156, 2739
9467, 4369
8744, 9272
7745, 491
92, 6919
2356, 4239
5815, 8021
3936, 1135
7576, 4982
3925, 1508
7121, 4568
9767, 2687
6068, 4015
2934, 2215
7547, 3678
6104, 8420
84, 3759
9249, 7927
4024, 3471
8708, 6436
2205, 7481
9364, 6333
6193, 7437
7684, 2780
855, 6333
1964, 4460
2366, 6244
7517, 3285
4541, 6611
3499, 2034
9259, 9738
5817, 9041
7098, 8047
6339, 7318
6372, 3021
4404, 2060
1245, 5500
8808, 3129
1016, 3465
9836, 3597
662, 307
4658, 6199
3096, 8754
1824, 1012
9158, 2371
7416, 4901
6745, 1011
834, 4939
3698, 9816
4229, 9458
6877, 9559
8965, 455
8576, 6117
1782, 8984
9998, 8462
9790, 4790
329, 443
7369, 6361
787, 3028
4246, 2257
405, 1442
6238, 4068
2296, 399
3237, 8073
6033, 1117
4778, 3295
6570, 4688
9929, 2234
539, 6760
3439, 9020
1240, 8318
9437, 9644
9300, 5515
3205, 9558
6003, 8640
1601, 8239
1085, 5493
2884, 9698
2862, 913
5432, 6780
154, 5251
7062, 7777
4270, 9931
8373, 8153
3329, 1224
2057, 5178
4010, 1631
5884, 9043
3547, 7813
6331, 4514
7547, 9433
1191, 5922
1202, 5376
5516, 3781
9965, 9230
1278, 938
9473, 6270
1679, 1451
6956, 2494
4797, 3702
8055, 7258
9688, 8214
3831, 6676
9297, 4349
4451, 6685
6238, 5744
3152, 2099
1995, 8031
5000, 4022
4202, 4735
6490, 7704
1371, 9846
8634, 3825
3142, 8787
2585, 7708
8261, 2775
5087, 5826
5679, 3012
2901, 4801
6479, 3936
8783, 5624
9267, 3814
2582, 8834
3552, 2233
2676, 8412
3923, 8822
3353, 2085
9571, 6565
4122, 2481
5042, 9883
3529, 4458
9521, 4240
2239, 1987
7331, 3496
2934, 8922
4042, 2608
4324, 1898
8254, 8006
8753, 1050
2460, 501
6825, 9478
9275, 3132
7629, 7815
8265, 4170
4932, 6242
4228, 681
1647, 9178
3765, 1236
5883, 7586
2343, 2613
8623, 3971
8390, 2912
2932, 5143
4018, 9589
324, 1760
322, 8454
2748, 7431
2005, 4438
443, 3924
6643, 8458
6205, 3895
2227, 3727
337, 2834
2758, 6087
5893, 6371
1360, 4753
2708, 2321
5159, 1924
7493, 5794
3091, 1832
1365, 6310
262, 6641
7135, 4084
2949, 7736
5624, 3487
4052, 8920
8583, 9701
1216, 2146
6321, 4580
6582, 6174
9891, 7273
6641, 399
3544, 6694
8176, 48
2667, 8015
8230, 4385
8966, 6258
9227, 5577
616, 7889
4912, 9958
5157, 1805
2848, 8872
6760, 4768
3586, 9702
9364, 8534
6682, 9884
7656, 2009
3663, 7810
6864, 6168
711, 7050
3160, 8692
4351, 4421
6860, 9831
5463, 834
9498, 561
9130, 5828
5545, 3856
7019, 4799
2803, 5659
4171, 7711
5374, 747
3911, 1765
3080, 9895
5197, 7887
976, 730
3535, 99
3922, 8211
6177, 2008
9818, 5529
7997, 3649
4202, 9945
8086, 9958
1895, 5821
3257, 3904
9741, 9099
2543, 7921
8370, 2935
575, 3166
760, 2390
3728, 4171
7228, 3264
3260, 945
6092, 2033
6849, 606
7702, 8668
1297, 7113
539, 5532
9209, 2032
5490, 7769
4974, 8176
2504, 8499
1507, 5072
309, 8303
5735, 7611
7419, 395
9180, 9672
1896, 9279
2210, 7671
9466, 3793
7426, 3434
4754, 117
1127, 8830
257, 2800
326, 805
5583, 9335
7822, 1250
3722, 1993
2938, 5424
4364, 9525
8964, 6126
4453, 7625
4852, 7083
7927, 5945
2214, 7594
6945, 3912
8041, 7794
1379, 7158
9091, 5381
9152, 8438
6946, 7675
8306, 3995
6397, 5306
1463, 527
3609, 7668
6056, 5183
6536, 13
9643, 7558
3260, 5816
9998, 6052
7098, 29
9268, 1498
8313, 7145
1037, 69
7561, 8785
6205, 6293
4944, 4468
5214, 5385
5151, 9005
6289, 9225
9044, 9810
7856, 5648
5145, 988
6463, 227
9369, 1347
4833, 4914
2755, 5733
9847, 5402
2119, 2770
8803, 3653
1405, 311
9339, 6767
4133, 2694
5304, 1269
8729, 7342
9454, 6108
4782, 1132
8918, 8364
6153, 4046
8103, 8823
9951, 7999
8484, 441
7797, 804
3535, 5869
5142, 2386
9642, 2602
4691, 1562
8558, 8009
1828, 531
309, 4148
2733, 7010
1217, 7724
1084, 3784
8160, 2455
4798, 6887
1655, 1668
1281, 258
6987, 8860
5428, 9841
5486, 1559
555, 7518
3623, 8168
1487, 6687
7594, 3143
2706, 6816
4407, 328
400, 28
4895, 4845
5041, 4984
8144, 3797
7915, 2060
1601, 9535
5796, 5631
1401, 2655
2132, 8270
314, 7420
5593, 4040
1915, 1491
5157, 921
9284, 9404
9602, 2769
6274, 9415
646, 3824
8330, 3314
7073, 5073
8522, 6586
4979, 1072
5371, 9035
6011, 5353
2451, 1463
5002, 7455
3223, 8623
8965, 8789
5149, 2704
1881, 1068
271, 5084
2361, 5178
9196, 6724
4595, 6883
6504, 1184
9298, 1719
9348, 5371
5788, 9464
5352, 8765
1179, 4630
4141, 5174
4936, 7224
1303, 884
4691, 2169
4303, 8450
1727, 7981
3215, 7437
5867, 1103
807, 579
3612, 840
5213, 5722
7461, 4558
8656, 59
9561, 1959
8509, 6121
9319, 5304
618, 5538
5651, 2926
3296, 6849
1238, 3048
3143, 1660
5708, 4367
5497, 3921
715, 8500
4424, 1848
4867, 4372
6827, 4821
6513, 9514
1555, 6670
6221, 6817
8813, 387
1988, 2660
2016, 1598
8688, 1797
1269, 1560
4386, 5190
7655, 6100
8626, 8375
6368, 2525
9293, 5532
9315, 9992
4765, 2842
2536, 2741
2439, 8143
8177, 3896
9102, 267
5388, 6494
5365, 1006
3537, 110
7873, 6559
7115, 6829
7276, 5975
8915, 3982
5206, 4392
6952, 20
3686, 1469
9595, 7701
6255, 9615
3959, 9438
7870, 4896
6910, 9053
6175, 136
9006, 7887
8543, 6090
8930, 1686
1419, 6451
7445, 5382
1352, 2062
8369, 3884
6476, 3014
9638, 4699
2634, 4377
5846, 3125
1291, 2181
7596, 8819
2871, 1171
8125, 4305
8116, 6733
6999, 5465
5557, 6300
9095, 1786
2787, 5602
3991, 9556
1785, 5585
2883, 803
6729, 8486
6668, 6230
5724, 9334
1702, 555
4487, 83
2300, 5865
8697, 9978
1428, 6057
3136, 3053
9228, 97
3548, 7992
7779, 2030
9995, 3314
1717, 6142
2036, 3634
3166, 7448
3567, 5179
2592, 5272
6641, 6390
336, 2347
21, 218
6874, 7395
374, 235
2581, 7191
7705, 9532
3408, 7691
7495, 7714
1468, 6359
9113, 7094
9604, 102
1948, 9094
9254, 6718
7460, 4250
9686, 8583
1884, 6222
7928, 249
1627, 4081
8810, 3462
9410, 1544
180, 9777
8626, 4351
552, 5946
139, 8685
7300, 1160
1727, 7715
5494, 7393
4038, 4898
7471, 8137
7210, 9462
1696, 5636
7602, 2
7713, 7961
1243, 5081
5041, 6854
66, 3190
3895, 746
2767, 3817
9767, 5555
7532, 5935
2480, 6597
1059, 1500
8210, 2083
2501, 2328
5405, 1949
7638, 5763
3268, 1558
6358, 2614
7504, 4864
8043, 4968
2882, 9702
7370, 5513
9744, 5206
5444, 1951
8705, 9306
8957, 2858
2531, 9202
2184, 8278
9129, 6079
3934, 7213
5651, 2446
9533, 2566
9573, 4399
9437, 782
6025, 161
6126, 6817
289, 907
8829, 6309
596, 8138
3749, 9204
3242, 6706
3298, 212
3875, 3779
3473, 1972
2929, 2346
9012, 2053
9334, 2736
9105, 3426
9735, 8723
842, 4670
5296, 9007
2583, 9817
1714, 9721
6943, 7854
8983, 3848
1238, 1324
4694, 8272
7072, 5583
658, 5756
1332, 3339
8605, 4376
6828, 1444
3930, 1448
2424, 5836
2351, 8952
7650, 7098
4665, 8240
9644, 9683
4218, 5556
7173, 3416
5389, 8278
6619, 1004
7210, 2504
795, 704
9557, 1906
5204, 9805
8833, 4556
5593, 3566
8978, 5337
2997, 8359
2912, 1712
8536, 5285
887, 1255
2720, 1812
3772, 7727
9539, 4519
1434, 9063
9336, 9543
9865, 893
4182, 8427
4240, 2328
6820, 2865
4082, 6091
2352, 2950
6100, 9366
683, 7880
5214, 3487
7713, 8453
1616, 8025
1590, 1823
1692, 1294
7436, 5806
4881, 3038
8210, 6018
5416, 5492
6982, 3764
9687, 6465
2426, 9992
9650, 6520
4, 8498
6082, 2693
7408, 8657
78, 9035
7985, 652
5877, 616
196, 4376
5038, 4727
9141, 7827
6023, 5970
1435, 4576
2809, 1809
1470, 7423
6173, 1075
4649, 344
7464, 5736
9690, 1956
2849, 4826
551, 8921
7107, 2390
5434, 7568
5261, 9258
5917, 2084
5255, 9068
8417, 377
8464, 9844
7064, 7350
7170, 4263
4099, 7056
2983, 1410
181, 8629
789, 2895
486, 4226
7332, 2151
7731, 81
6593, 1348
4307, 1379
3851, 5793
9349, 8102
9834, 817
517, 2691
1407, 8617
9309, 9270
6375, 7915
5160, 9115
6505, 7184
1570, 1938
2767, 1345
7163, 7662
9169, 305
1034, 1599
2572, 9131
6222, 5946
7106, 8499
2624, 2466
5051, 7132
9044, 550
7162, 4358
3438, 8375
5098, 5457
6786, 9363
9815, 9746
4820, 163
5161, 1633
797, 8909
1818, 3949
5327, 487
2377, 1276
3104, 7225
8551, 7123
3634, 3997
5247, 5679
8339, 9414
5683, 2653
2976, 2602
7217, 9532
5316, 350
1108, 5917
2990, 7485
5511, 772
961, 7731
1044, 2510
5206, 8092
1931, 7022
924, 484
5406, 3750
4335, 6763
1417, 6942
6597, 2583
9743, 1252
5493, 9382
271, 5857
2819, 1182
8213, 6804
3718, 7571
8973, 8509
8059, 7317
8579, 1576
7794, 5170
6598, 5907
5270, 1807
2971, 2126
3067, 7647
4589, 9982
9103, 6333
6194, 3374
1522, 5356
3688, 2484
1218, 5209
7486, 1275
5439, 2425
8560, 2689
4670, 2340
4683, 943
5113, 6254
478, 9808
9713, 5520
9194, 6589
4735, 1843
3141, 6428
687, 8720
5708, 9714
961, 8104
3814, 8113
4195, 7238
7661, 8724
6547, 9860
7727, 3095
7647, 7623
3118, 6643
440, 6553
6375, 7397
9349, 2097
9872, 1577
4596, 1233
4777, 4312
2011, 2924
1205, 4139
45, 146
227, 3915
7160, 7577
7108, 4151
5099, 6601
3473, 2785
9492, 916
9493, 8694
6711, 9777
8469, 935
2683, 2468
7377, 9144
799, 5723
5570, 3861
1770, 6471
2547, 7180
2304, 3669
8732, 7867
5952, 4712
617, 7447
7114, 821
5961, 6422
4014, 5963
5410, 1801
912, 9549
6002, 3210
2791, 7597
2209, 4894
8948, 8886
1954, 390
7328, 4758
2696, 9832
6975, 7350
8501, 2533
6000, 4536
3086, 4935
4534, 9180
90, 7353
5617, 8543
3209, 8851
1589, 6528
6961, 6496
5501, 1456
8516, 8718
2488, 6230
5630, 9409
4561, 6668
3162, 132
2284, 2153
9107, 8189
1532, 7900
7592, 8060
514, 6242
1017, 5392
497, 244
6286, 5414
1788, 8656
9895, 5678
3088, 5921
6238, 1932
5406, 2958
1913, 5864
3056, 4429
7355, 5187
3981, 4258
874, 8167
3848, 6072
5963, 2809
2707, 4346
5273, 4461
4961, 6510
8549, 7302
2232, 5022
3879, 1577
2453, 1365
8275, 8972
3306, 3363
23, 3009
2883, 2797
6065, 5993
5926, 7972
3437, 2983
1080, 9280
4347, 8258
1228, 2504
6495, 4549
7046, 6129
3378, 871
2894, 1329
6534, 3155
6512, 302
8967, 5603
6560, 5432
9709, 2702
4747, 3168
1710, 5099
2681, 8436
5152, 4128
2207, 5448
60, 4428
5969, 8722
9214, 1293
2436, 1713
5673, 2494
5713, 1707
9336, 4641
8181, 9570
9359, 8981
3589, 2755
8607, 4516
783, 2427
120, 6108
8636, 4181
8825, 6520
4578, 1204
4371, 6426
486, 2154
907, 8103
2862, 1619
6238, 8207
6517, 241
1104, 1527
9463, 7316
5661, 581
1628, 4341
656, 9799
9666, 6848
6498, 3329
4658, 9612
7465, 7905
6501, 6729
1154, 4256
7808, 708
4810, 520
2458, 7449
6550, 2396
7278, 8854
2306, 665
9484, 1224
2614, 4631
3161, 677
3493, 5483
5063, 5205
9039, 4205
3984, 5453
3543, 9632
4156, 985
7710, 803
242, 8358
3694, 276
1994, 169
6675, 7612
9329, 3135
4835, 3578
9382, 2498
3695, 1168
3489, 3349
4881, 2036
3827, 5037
2965, 3652
8345, 8172
8388, 7210
9242, 9034
9820, 1831
9216, 6946
9947, 766
131, 9222
4522, 1648
9616, 4400
5431, 6832
1689, 2023
8106, 2835
5719, 5370
9193, 6438
8586, 1900
4087, 3067
4273, 6556
5911, 9393
3524, 2431
5182, 9566
9934, 9596
4726, 348
9033, 132
9183, 9278
9810, 765
6209, 1838
1979, 1337
5436, 9956
2303, 5895
7392, 8484
