N 4000
R 7000
Tp 1
Ts 4000
2676, 3756
4874, 9714
5079, 2578
7364, 6070
748, 1607
5931, 4916
4097, 4166
778, 7238
7051, 1710
7858, 9432
2650, 4495
8186, 250
6826, 1408
1699, 1956
8022, 7055
4361, 1687
471, 1302
5669, 1244
6522, 294
351, 7467
1551, 8675
3601, 3562
8525, 7340
8199, 1088
6724, 6597
4947, 4917
2090, 6835
2525, 4952
7655, 4819
295, 2732
8828, 5399
8078, 6832
910, 8782
7692, 4554
6817, 8591
7435, 511
6031, 7890
4532, 7137
6184, 7899
4997, 1926
675, 9907
3281, 3569
3778, 4389
3170, 8783
7107, 4962
4777, 2575
8339, 1394
326, 2047
6078, 6280
1347, 6928
1169, 736
3722, 4165
145, 1239
2488, 3597
2372, 9703
8457, 6523
5212, 2462
9266, 3006
3604, 8074
9437, 8386
7347, 9907
9103, 9730
8686, 7349
3334, 6231
746, 1096
5774, 1074
4399, 2366
9443, 9570
6392, 264
5952, 163
6854, 4533
3430, 3395
2548, 4856
9368, 2114
1798, 8405
4771, 7766
1723, 6201
235, 2183
3457, 8019
2289, 5869
3399, 7570
800, 2821
6637, 6380
7959, 5850
6520, 8279
4689, 4646
2995, 3192
224, 8804
6783, 6279
6632, 9344
682, 2603
6135, 2606
6573, 6711
6050, 5476
5744, 9040
5163, 6485
5336, 3930
9695, 9067
5905, 7774
5771, 4816
6950, 2186
5263, 2425
3693, 8549
1819, 9056
9008, 189
1350, 5836
6582, 3615
3725, 879
1136, 7330
3800, 3548
7423, 9025
5480, 5779
4402, 3267
6989, 7946
4669, 9545
5380, 6393
9558, 3923
9790, 210
5945, 3967
347, 812
5932, 1519
8789, 715
4732, 2886
8922, 8605
2902, 6814
4737, 803
8914, 9033
5261, 7434
3145, 9523
4271, 8293
3287, 544
4853, 9417
6123, 1511
3649, 36
6668, 2042
6549, 6747
3030, 2497
5802, 1199
9282, 7746
2560, 7435
6611, 7248
7536, 6269
3949, 5837
1853, 4974
6064, 6908
2120, 2272
6482, 6040
8371, 8691
2730, 1626
5613, 9108
7272, 6843
2956, 8274
2291, 9991
6249, 8542
75, 2554
9685, 7518
9516, 474
5178, 3566
7396, 8784
5756, 3461
1419, 5156
7182, 2719
3057, 3876
6993, 1756
7830, 7168
9510, 3524
6675, 8213
2885, 1861
5302, 3365
8822, 7835
5210, 8911
5437, 1930
1221, 3265
7795, 267
7275, 454
6111, 2993
9295, 9965
5379, 7286
1482, 9816
9715, 9335
7428, 3661
5728, 8665
3055, 9709
9506, 4167
3636, 8318
1109, 9993
7813, 8824
7546, 8402
7089, 1160
8159, 5766
5238, 9284
3401, 6534
7872, 4812
4860, 6490
9520, 9305
973, 4554
1224, 2405
1423, 8184
5938, 2118
601, 4429
5520, 3128
1465, 6799
3983, 4230
9842, 9915
8933, 9285
9489, 6661
7593, 5725
1710, 8602
4193, 3365
6029, 1134
7030, 6650
4787, 8534
1541, 9756
7862, 3172
6079, 8853
814, 3899
3455, 7222
4296, 6222
5899, 9343
601, 9625
9268, 5483
1310, 4411
3032, 7798
3730, 3679
3143, 8796
7530, 5526
1874, 5088
3594, 3954
4719, 3285
4714, 6289
5673, 9628
403, 4292
3525, 2971
8804, 2571
5167, 9494
2849, 8559
6499, 1245
5866, 380
3607, 3826
2362, 3737
4437, 869
4854, 4662
871, 1566
2773, 2960
955, 1110
8639, 4307
8134, 3314
7038, 589
7541, 9948
6433, 7995
5774, 8192
336, 6578
21, 6849
7993, 1404
2410, 9030
1673, 4542
5248, 7220
5030, 1666
2921, 8888
4457, 5061
2012, 6465
8953, 4670
4665, 9064
2194, 1898
5939, 510
9077, 4081
2956, 2448
985, 4342
8959, 1577
6495, 7328
8966, 3892
1619, 7408
1659, 653
30, 1086
7180, 2451
8792, 1140
1847, 3563
1115, 8711
8517, 9332
7891, 7614
4324, 1491
1506, 7648
6957, 9147
2368, 2190
3652, 9914
7087, 1642
5101, 9091
4828, 4339
8459, 6035
978, 4206
6099, 4338
5432, 1907
9824, 7753
939, 6049
5104, 6570
7094, 5294
76, 8176
2685, 286
3637, 1444
7370, 7199
9705, 6473
6974, 6112
2996, 436
793, 1324
2483, 9564
6613, 7511
8116, 2954
8829, 6243
4826, 7085
6747, 3887
2621, 9229
2686, 2877
3294, 8841
3194, 5599
4567, 6207
1866, 2813
1265, 1480
8160, 1077
7359, 8494
4013, 8655
7688, 2218
8652, 7756
7906, 1902
105, 3867
2090, 3468
8480, 8439
2992, 7681
1055, 7217
3342, 9810
4109, 325
9385, 5137
1652, 3691
6865, 3116
8745, 7981
7075, 2802
365, 224
253, 1938
7068, 3713
5345, 5219
34, 2477
2691, 8058
2045, 6652
2381, 4027
6830, 1420
5266, 2031
3065, 5878
1278, 5981
1516, 4206
8956, 8649
3085, 7580
8146, 8886
8363, 1858
1895, 1753
9558, 4650
1221, 7259
2235, 7454
1290, 3531
2504, 3715
8504, 1822
5998, 3090
8027, 8979
1779, 4564
2026, 9320
7079, 2970
5191, 1474
5215, 9430
1778, 6349
541, 266
250, 4865
6225, 3595
2466, 6365
2888, 4161
50, 2354
3315, 7214
2916, 2398
8291, 4216
1807, 1620
6031, 9061
3826, 4501
5128, 5602
7862, 6957
3972, 6240
5381, 6924
8646, 1964
4889, 8399
1263, 7337
4140, 7642
7966, 5499
9055, 1941
3603, 723
1863, 2992
6193, 8994
8882, 7396
1825, 5628
4184, 7496
5907, 4475
7916, 2413
6912, 3021
5072, 1846
7323, 1995
7704, 2343
7158, 5798
1064, 1289
624, 1248
6551, 6743
9596, 4036
6692, 9576
4973, 1668
1799, 745
2125, 9629
5025, 3318
4717, 217
6061, 357
6614, 9344
408, 5536
543, 4396
7852, 5261
5896, 6264
5128, 155
2466, 7123
5676, 2635
7729, 135
9183, 7849
5690, 5953
2435, 8709
7062, 332
273, 6834
1945, 6671
3166, 9547
5916, 6399
7647, 6717
294, 5154
3081, 613
9849, 5218
3201, 6374
2265, 217
3730, 6486
2871, 4207
4685, 8119
9356, 6110
3626, 1597
3777, 2478
8460, 7201
7691, 2082
5859, 1169
4708, 3501
6203, 6913
8836, 6914
5490, 914
6159, 4088
1783, 9117
311, 502
4286, 5309
8210, 9392
1920, 9158
2055, 5262
47, 5094
674, 8070
1238, 566
3191, 5621
2239, 940
4595, 3999
1039, 1665
9566, 768
4620, 7786
2540, 3550
1998, 4117
8467, 4126
7363, 9522
1078, 7423
8717, 9595
4992, 5238
8966, 6594
7661, 7639
7732, 1109
4002, 2845
3863, 3648
3357, 503
830, 8304
5223, 2496
2266, 911
3893, 8088
6059, 673
4894, 1956
1382, 9578
9623, 1262
1832, 1114
6442, 954
7284, 166
9861, 6327
3848, 8467
1743, 8254
8654, 8193
7269, 587
318, 99
2691, 5893
2737, 5463
334, 7227
4064, 1366
5437, 5324
8842, 7641
7304, 9123
8101, 7173
6617, 5502
7756, 7621
5552, 5785
263, 1603
9618, 8668
3737, 4947
5121, 6270
7474, 1420
8918, 3251
4020, 3028
8731, 9849
8498, 1959
8741, 1484
6356, 7091
8927, 1425
3208, 5555
98, 8709
5971, 5509
7568, 6306
773, 138
5424, 3706
5547, 90
9955, 9379
3101, 1170
9781, 1168
9799, 4779
2959, 1544
6486, 6712
1658, 3686
9352, 6140
2862, 9004
5557, 885
9288, 2884
6509, 4441
697, 2068
2023, 3755
1035, 8845
4457, 8618
7104, 3536
4309, 871
3587, 7966
1440, 7888
6719, 9499
2446, 8478
2046, 9086
2073, 1159
217, 9800
4113, 9105
3551, 4734
1741, 9060
9841, 8500
9951, 5547
6810, 3816
8438, 3383
3723, 2825
6765, 2783
8596, 8338
9057, 9847
4255, 7718
8383, 3260
4567, 2089
4012, 1418
9254, 4089
8510, 5690
2203, 7176
1447, 4812
1450, 8983
2211, 733
5982, 9936
8535, 100
4362, 6272
8121, 6334
9645, 9599
9854, 4148
3507, 8974
8350, 503
4808, 3883
6228, 7992
4039, 9956
5025, 2981
7649, 8262
737, 8051
9386, 144
1893, 2837
7629, 4537
1615, 2855
5455, 2539
2925, 2809
1489, 8682
1772, 5627
9055, 5189
4189, 546
1813, 936
5045, 2324
5649, 955
9407, 5861
3316, 2699
5948, 255
9459, 5555
3451, 7127
1514, 9863
4803, 6642
8687, 9596
3292, 116
2196, 55
1822, 944
7494, 2673
8034, 3217
7187, 8739
9157, 8963
312, 4964
4618, 9247
2680, 492
9806, 8274
7449, 4372
8167, 2457
8665, 9069
22, 282
9374, 8265
2828, 2162
9610, 5065
8793, 4951
9901, 3204
5263, 2777
709, 3697
9637, 3354
2800, 3330
5320, 7574
2146, 7229
7259, 2465
530, 5672
7359, 5772
5726, 3855
3869, 20
5727, 4261
3600, 6551
1512, 1397
8753, 3139
4840, 9844
7050, 6701
3471, 9318
4315, 3803
7708, 1337
2923, 9743
6773, 673
2326, 7904
9200, 3137
6885, 1382
8686, 5683
1116, 5378
6792, 6932
6364, 5944
2497, 2191
3161, 9162
9403, 6836
7702, 8930
2117, 9605
2219, 1339
2338, 5197
8201, 5116
9045, 1709
356, 4547
4648, 7333
3855, 6538
2140, 6731
966, 2873
6539, 6507
2084, 5032
905, 5147
7077, 4654
1737, 7881
9014, 5195
2364, 8643
7913, 8206
3812, 4947
9876, 5924
9542, 4165
2920, 5886
2846, 9142
8416, 9069
6173, 2684
2224, 1165
8653, 9788
220, 5643
3285, 1420
8090, 9668
3367, 3909
4832, 6460
9975, 9140
4967, 5064
2391, 1165
2658, 712
7949, 4652
8247, 6548
9606, 7274
2203, 4978
4179, 7017
3229, 4066
993, 8013
2904, 7590
7272, 726
6284, 0
3945, 7469
4375, 9850
4666, 811
268, 2493
4430, 4897
6661, 3262
4077, 3047
5109, 283
8723, 1397
8230, 8910
4660, 7111
9633, 5803
7101, 1392
7773, 2108
9174, 4607
5870, 1351
8499, 1078
494, 2280
7002, 7725
2858, 7424
4239, 6802
3571, 3498
3818, 9210
9541, 1222
5546, 2985
260, 4708
435, 7402
2481, 2382
7507, 1227
8445, 3746
787, 7528
9621, 9563
2649, 1363
1035, 6987
8089, 6429
917, 2935
4764, 4916
7838, 3855
3353, 8712
7851, 2136
8351, 1803
2553, 3304
4405, 8821
4129, 9789
7960, 7761
5421, 1323
2932, 8040
5908, 7696
6542, 8936
657, 4646
7806, 1152
3282, 7684
7050, 8123
8268, 2113
1805, 2918
5036, 438
9478, 6448
5576, 7055
4621, 1629
8932, 2766
160, 3847
8401, 6267
5388, 593
7600, 124
8647, 7705
4948, 1853
5818, 2618
9093, 3053
5948, 9995
5456, 757
4042, 9832
1371, 9285
8994, 7003
5735, 9644
3199, 70
2847, 5011
4127, 5295
5245, 1095
1663, 1752
4508, 9682
2856, 6266
4872, 4197
5603, 1103
8337, 996
824, 3753
2446, 2670
1924, 7537
8061, 3719
5289, 6095
5529, 2435
6303, 5827
8485, 9954
2008, 3263
4245, 1491
7585, 5441
2285, 5622
4501, 3328
7152, 6817
444, 9458
5114, 4062
4400, 6775
297, 3360
4752, 6646
6470, 3809
1837, 3138
8674, 857
9857, 2361
2043, 2013
816, 7097
7630, 7713
8247, 7039
1094, 27
7793, 6974
4178, 5782
9721, 8744
2613, 2479
249, 1643
3223, 7760
6401, 1563
5593, 2823
83, 9672
6598, 2770
4442, 6284
4613, 9369
3083, 8275
1898, 2311
3364, 5575
3564, 439
2306, 8903
7953, 4247
7054, 7220
7286, 1643
183, 2136
5931, 9905
7067, 2643
6635, 8621
1070, 5059
5305, 9569
6862, 9615
9013, 3578
4429, 1968
1278, 9865
4637, 1245
9810, 8364
5338, 2513
9921, 7673
624, 9371
1904, 9382
3118, 7650
5945, 3544
7106, 2707
415, 7511
9668, 713
9967, 1978
8191, 839
7490, 4340
7417, 5364
8015, 7626
6932, 4548
8909, 7391
8733, 1359
9430, 6527
6290, 3697
2408, 3620
5473, 8925
2725, 4680
2907, 4318
122, 9432
2951, 2780
12, 3169
9315, 4135
4798, 6522
4085, 4308
3071, 2654
2415, 1697
3921, 2852
1713, 6998
9828, 3453
4649, 7833
8225, 5225
5061, 5838
5411, 5990
3785, 1418
1359, 198
2124, 7826
2628, 5627
365, 2949
4045, 4226
1923, 3170
4484, 8090
5793, 2583
529, 6495
9913, 8968
5087, 6168
3719, 7848
9904, 6793
9214, 7319
2775, 7765
6448, 1849
7539, 6819
4007, 750
1483, 4396
1169, 1603
628, 3455
9608, 7636
5312, 513
7919, 7724
3825, 3524
5848, 1451
6763, 1171
3554, 3106
3048, 1079
4384, 9822
5445, 2489
8725, 9647
8105, 2597
8763, 1108
213, 9607
8308, 3141
2567, 8996
647, 9645
5593, 904
5916, 3169
3302, 7479
6531, 3825
6893, 2242
7549, 8011
9566, 4553
5646, 9670
337, 4999
8843, 7153
1158, 9070
4622, 3432
4646, 9040
9656, 5216
1641, 3687
9478, 3617
2945, 337
28, 877
7748, 6540
3453, 736
4871, 4346
5677, 3782
8741, 8705
6734, 1251
1951, 4514
2342, 6195
9725, 1251
466, 4191
7219, 2539
7300, 4904
4574, 3642
6423, 4708
2590, 227
1331, 7858
3758, 4023
5132, 7819
9454, 1374
1589, 71
9394, 2836
786, 5449
7635, 3199
1835, 4505
5267, 6072
3660, 5452
9054, 237
633, 2513
5964, 5874
8751, 8346
7090, 9056
1702, 6197
1576, 3947
2018, 5990
2854, 6595
825, 4468
6328, 9191
8111, 5677
6065, 7408
2380, 6486
2123, 9650
1280, 2482
5308, 5338
7837, 6078
3012, 8227
3298, 1927
1731, 9196
6536, 9273
7128, 4446
4916, 9638
3475, 9644
9245, 8447
7868, 3212
8184, 7921
8877, 6412
6191, 5823
10, 2226
8337, 4407
8993, 709
4835, 6740
6604, 4402
2483, 1312
5028, 6571
5949, 5076
9615, 8002
9414, 9725
3706, 9870
7030, 3916
514, 616
547, 2859
2683, 9333
2136, 2311
8404, 175
4820, 5150
4418, 5442
3567, 3862
6888, 1424
8, 1240
5128, 1218
8857, 2199
9908, 1420
7340, 7153
9869, 7164
2087, 6081
2669, 2415
4530, 9150
9775, 2143
7145, 2291
6268, 9324
7965, 7436
7345, 1574
3157, 90
1547, 7492
9123, 6211
5557, 5285
7297, 105
5304, 6273
1657, 3733
8993, 4554
8084, 2432
3857, 7572
4106, 7166
6382, 2062
3368, 8023
2726, 2509
3344, 723
6531, 4548
3098, 1681
2234, 1441
6937, 7861
3454, 4758
2680, 3004
3330, 9891
6498, 1661
5979, 45
9185, 9005
8419, 1853
2639, 2959
6090, 247
2760, 3238
1319, 2229
241, 2200
3869, 64
2977, 3250
4632, 3531
2109, 914
2567, 1212
7826, 2597
9203, 2375
3339, 6013
8525, 5880
8467, 4526
8215, 4301
5332, 1589
3528, 4462
7294, 7637
611, 8346
435, 9008
7665, 4671
7055, 2367
5738, 8677
7765, 8590
8611, 5512
6340, 2551
6802, 3201
3256, 5737
5165, 6800
2093, 1813
3584, 1671
7119, 5412
7677, 1926
3085, 4984
141, 4526
331, 1630
4533, 5572
7958, 5869
7476, 2885
7795, 4574
6808, 6144
6817, 71
8833, 3845
8973, 8614
2813, 3144
3651, 5318
6962, 6033
130, 7137
7323, 2275
9193, 19
9210, 4326
141, 9462
8059, 4996
7116, 495
2121, 7533
2844, 9028
4489, 7608
877, 5561
9556, 4598
8397, 1062
2963, 6596
8714, 7686
7331, 8429
8242, 4191
8855, 7737
2102, 7081
7357, 1431
5469, 9436
681, 1074
5253, 2522
6765, 5107
5220, 2118
3994, 3426
4956, 7488
9424, 1866
8893, 8271
1857, 649
2261, 2441
3796, 304
4978, 3266
8086, 9901
6760, 6862
4842, 2227
7838, 3989
4097, 4227
6787, 1858
6885, 889
3486, 5223
639, 2069
9699, 881
3209, 5188
337, 7284
9437, 8426
5512, 2995
12, 7342
4840, 1710
4282, 9235
6004, 1096
7655, 2671
326, 6675
6537, 9114
8076, 410
4356, 7988
6800, 5067
4748, 50
4869, 4672
50, 151
9725, 5129
2137, 1452
6439, 5079
6780, 124
4342, 5447
6473, 1070
6541, 9833
9685, 63
247, 3484
4915, 4795
9427, 9512
8224, 88
5404, 951
9445, 783
4566, 784
639, 2792
1044, 9778
811, 5778
6039, 3610
9147, 5436
8241, 8209
3845, 4338
9672, 1381
6859, 2759
9782, 6386
4789, 8699
140, 7149
1802, 4825
2631, 5965
8174, 6960
7147, 9366
4437, 956
4811, 1555
3574, 128
6651, 9456
4378, 9810
61, 129
9236, 3252
9511, 3890
9243, 3162
8118, 7051
8850, 5149
9084, 5072
7000, 2187
2116, 3891
1499, 440
1671, 3062
4968, 7957
9222, 5745
6349, 5739
5783, 2268
9024, 8308
2398, 5754
4008, 9847
416, 2162
5929, 8398
7069, 1035
4029, 3109
8294, 7587
8622, 8001
5705, 4668
6336, 7563
942, 7427
4331, 376
2857, 3631
5638, 8342
8464, 8883
5919, 3637
583, 8719
3319, 287
5687, 9897
858, 8037
1725, 2132
924, 3080
350, 4698
479, 9873
1032, 6492
1889, 3726
3908, 3090
5667, 6521
3464, 272
7220, 1846
1577, 4008
6619, 8760
3293, 5846
8180, 7697
8990, 9053
5745, 1397
1067, 2619
8050, 2266
6889, 8827
544, 7134
4390, 1895
3298, 8916
9934, 6759
2131, 6188
6534, 2602
2491, 382
118, 128
6617, 3491
1236, 8835
738, 3088
6123, 8016
8547, 2576
5371, 5541
3011, 3485
9129, 3160
3316, 1483
9623, 6801
2936, 6033
7023, 9509
5711, 1093
3608, 7777
735, 8658
3803, 9823
7613, 5384
4544, 6200
5287, 241
7857, 6214
6452, 7084
6272, 997
8627, 7767
2244, 9813
4064, 4477
4063, 9102
6837, 5706
1099, 9329
7021, 5783
242, 6439
6323, 5015
4653, 1641
6346, 8397
820, 8346
6262, 6791
4756, 9301
4151, 5259
111, 9070
3958, 1628
3502, 7992
9335, 3689
6977, 8323
414, 7538
54, 2703
6815, 856
9368, 7185
8205, 7376
6687, 9457
6836, 8420
9445, 5582
1971, 1031
4969, 1583
5952, 8098
1917, 3110
5823, 735
3433, 883
3806, 9489
3170, 4803
247, 9614
3445, 9634
3897, 5019
3245, 404
1616, 7442
1189, 796
8240, 4002
872, 215
6945, 579
4931, 2808
3988, 9061
1035, 2353
6164, 4612
7131, 9034
8936, 506
4502, 3617
6229, 8081
8715, 7711
4752, 4867
4455, 6147
2896, 1296
7732, 8637
8818, 1115
8526, 6057
278, 5570
7510, 5717
8375, 3688
9168, 5841
8952, 2320
6679, 7875
8906, 7816
9393, 2611
3178, 6880
1309, 3130
3207, 677
8312, 8546
305, 8383
9822, 1241
1053, 8515
7726, 9304
5157, 6661
4951, 4426
5484, 9790
8158, 9340
239, 1878
5602, 3472
935, 8751
9302, 9629
6588, 4718
8605, 4534
2771, 38
5141, 6149
2407, 1362
1722, 6404
998, 6462
7882, 9656
8034, 5683
5609, 3451
2504, 9917
5723, 8004
3165, 6075
2558, 3509
1252, 6739
6715, 8449
8781, 1375
4913, 8280
759, 2904
1265, 2448
1510, 2445
953, 1969
5120, 5776
8200, 9038
3585, 9213
896, 3099
2942, 9928
4585, 3935
9750, 1202
2593, 4487
8965, 9815
5762, 4868
7314, 5720
9468, 163
5096, 848
6210, 6791
7506, 8981
9153, 6053
7856, 4028
314, 8796
1062, 329
7904, 1855
8419, 6194
365, 3136
6831, 287
7631, 618
8285, 5169
4224, 5003
2848, 348
8195, 3164
8442, 434
506, 6431
3935, 1741
2133, 5540
5593, 2072
2532, 1800
8325, 5994
7646, 7834
1402, 9729
3818, 6411
8650, 5607
746, 6242
8784, 6003
2632, 7513
7497, 4415
1177, 6119
2160, 9970
9582, 4491
3634, 6105
297, 8754
544, 5814
1964, 4773
5378, 3557
5325, 5474
5992, 6359
8309, 3316
7244, 1229
7112, 8050
4819, 5379
7712, 8866
899, 4726
1186, 3944
3151, 1203
4738, 6239
7421, 1486
7329, 866
1992, 6572
8244, 4711
3825, 7357
7169, 8456
4240, 8297
7859, 2752
5961, 2950
5068, 3535
8394, 4131
906, 762
6624, 3253
4274, 3250
2282, 1691
6553, 8575
613, 9871
6402, 9960
1894, 3020
6097, 2706
7590, 1735
6590, 7059
1463, 6219
421, 2962
1589, 5557
1979, 8428
1320, 8472
5835, 5061
1846, 3038
9662, 2346
2981, 5757
5256, 6063
7166, 6385
1951, 3130
1501, 1723
1255, 9146
7797, 9686
1369, 4437
8849, 7457
3634, 8301
5972, 2894
215, 3071
5282, 5447
2727, 2760
6408, 9464
617, 147
2373, 3420
1891, 3699
572, 8967
5452, 5802
578, 4669
5210, 5508
8914, 6030
1109, 3683
8704, 4575
6733, 7991
7179, 790
2518, 5882
1195, 4290
8945, 1413
8793, 4484
9351, 5010
686, 6974
7262, 0
756, 8054
4878, 284
6697, 8214
1565, 7394
2577, 1636
7606, 3824
3355, 1001
7513, 5283
1100, 2785
8428, 4945
1064, 6590
2030, 6482
9743, 1768
9260, 6123
7795, 933
6141, 1288
4888, 1985
1672, 9430
6181, 2554
3925, 3354
7399, 9579
9953, 6593
1268, 7987
5595, 1446
7068, 2241
7259, 217
9948, 2351
5187, 7602
2637, 4679
7405, 4690
745, 7062
323, 2657
4205, 9580
7070, 5738
6074, 8141
3494, 6703
7270, 344
1609, 8490
5887, 9441
7079, 1922
1200, 92
4041, 3974
5148, 3096
689, 7833
711, 694
7165, 5098
291, 8053
8710, 4718
6632, 2908
4869, 7468
9645, 8035
4692, 421
7411, 7326
8690, 8207
8994, 1862
912, 2716
1994, 2614
8345, 939
8891, 9935
335, 9595
4688, 2312
7488, 2232
1942, 9110
3400, 3379
6219, 9236
15, 194
8194, 4495
8595, 8705
9986, 4897
2928, 2051
9470, 2024
6652, 841
2720, 2002
2431, 3822
254, 2183
9216, 7356
5358, 8866
6907, 7695
7910, 9133
6589, 7173
284, 8457
7170, 3598
7468, 8807
742, 7941
2744, 4070
5720, 139
9305, 697
4877, 4044
5108, 3460
5936, 3248
3288, 259
8423, 9585
2100, 359
369, 6900
9909, 1438
8891, 4086
3357, 6990
7922, 5348
5792, 6157
7714, 4343
6407, 1664
3325, 8826
5943, 2366
9944, 8249
780, 6849
3519, 2040
1550, 1720
2841, 4749
3526, 8555
3670, 1419
3818, 6093
212, 3116
9652, 9991
9729, 3178
8561, 231
1723, 57
3333, 2484
7747, 261
2811, 2748
7969, 7924
3978, 7548
4464, 3064
7076, 1563
7866, 4004
9608, 5507
6238, 2071
583, 4493
8541, 6265
2467, 4505
2581, 2961
2691, 8263
3029, 1473
3844, 3237
4991, 880
5258, 8645
5515, 5922
4740, 3769
3480, 7781
6701, 254
3101, 6858
510, 9331
4910, 2813
4400, 8132
4810, 8915
3872, 3623
2097, 9600
7436, 1218
9427, 5058
3017, 2983
4532, 670
9127, 1150
7979, 8133
1612, 7549
8858, 1074
9181, 630
5800, 3523
9484, 6605
1721, 7249
4570, 676
7551, 6989
381, 6182
90, 5785
8797, 9964
7338, 2561
9737, 3695
2518, 2324
5815, 1995
4085, 4915
2920, 7723
6426, 1364
6825, 6039
2221, 4019
8006, 6487
1747, 5814
3545, 9651
2687, 6140
8096, 4761
6290, 9793
1133, 7385
5247, 5760
8902, 2624
9833, 6566
7133, 3247
4669, 9902
1227, 5640
6268, 1471
3589, 1941
6033, 190
512, 9557
6721, 3825
5136, 5891
7712, 6786
2764, 8276
6591, 3996
8830, 2973
5219, 6805
5782, 319
6594, 3719
4766, 6640
7575, 6668
4584, 1911
5237, 2998
4724, 644
3687, 1769
1246, 1337
2342, 1142
7972, 9081
9108, 3060
8612, 8284
6101, 8749
4228, 524
3133, 802
940, 4095
2452, 6044
5197, 705
5078, 5472
5445, 3197
6824, 1470
3962, 3016
2373, 9127
8004, 7594
2310, 9864
2632, 121
9695, 4775
1038, 1764
470, 9705
7380, 6554
1439, 7773
7307, 5268
5091, 3609
5455, 2005
3647, 6783
5541, 8269
3177, 1339
1309, 6164
8461, 7116
6230, 5241
2405, 3772
640, 4983
3687, 9774
4413, 4913
2984, 6851
6641, 4522
9822, 7673
7705, 3731
8180, 8097
9736, 7954
9062, 1499
5595, 1275
3532, 2688
8238, 6206
4884, 6668
8, 6108
344, 7558
2418, 6343
8958, 1069
4821, 3286
7214, 1568
9344, 2482
4750, 186
8281, 6288
346, 5689
2379, 74
1167, 4170
9245, 9820
4790, 4978
1059, 1592
4670, 4779
4222, 8887
1218, 505
8847, 6701
3513, 6120
6842, 7671
4493, 7172
469, 3012
8675, 6773
3214, 445
3481, 6933
9020, 8722
6558, 8318
6382, 243
5802, 1669
480, 9640
446, 7533
9149, 3933
5879, 9962
3822, 6573
6204, 3731
3503, 5241
1543, 2067
8691, 4565
2721, 7484
5342, 7504
9365, 7576
3152, 4735
2918, 8541
578, 1237
4748, 9180
2168, 1856
5642, 9879
6215, 8146
9499, 205
7568, 2282
11, 9443
282, 5615
1042, 2736
9614, 9818
9019, 3557
876, 6509
6563, 4503
6267, 9827
1164, 8234
9709, 3028
2929, 4844
6352, 709
8948, 5612
7953, 5403
1315, 8389
2716, 714
9578, 3003
5918, 5854
9633, 2048
5307, 837
8294, 5843
860, 6551
6582, 3445
704, 147
9236, 8682
1475, 4775
7868, 5545
1932, 7771
481, 8704
1951, 3419
9010, 7655
9380, 15
1180, 5278
7279, 7529
3465, 5638
8446, 3019
7222, 6185
5777, 7362
7474, 9352
2563, 5059
2882, 4719
5768, 3872
3089, 886
2335, 2486
1205, 3895
7926, 8870
7933, 22
8524, 9023
6134, 2786
2801, 7445
1181, 4423
8170, 3136
7262, 46
9729, 2595
1291, 8274
2602, 2726
5257, 9871
176, 6307
2484, 1512
5069, 554
7571, 2277
3512, 4481
2246, 2920
4217, 1820
5692, 5178
5512, 1125
4305, 727
5956, 1688
5156, 3139
6815, 5165
8166, 6503
1782, 4450
1758, 1708
6799, 9748
2298, 3843
8427, 1867
8737, 4382
347, 5184
4563, 9023
4158, 5483
7617, 7643
984, 8317
6153, 6889
495, 3830
4890, 6493
2495, 1636
6822, 4060
4941, 8634
3669, 4924
4089, 7672
4998, 2666
5532, 4541
625, 4487
2513, 837
3863, 4319
5584, 256
3307, 5447
2981, 3970
9898, 9251
3536, 16
4037, 3633
805, 6781
6304, 2597
8035, 3505
5154, 3682
6354, 5411
5229, 4610
1893, 3091
807, 8898
3520, 4375
7303, 429
3907, 4799
3756, 7860
5923, 6503
567, 6502
7434, 8985
1561, 3602
8437, 2716
614, 6838
9035, 1229
2841, 9794
9102, 1704
6017, 9598
5706, 8931
2121, 3701
2810, 151
2198, 5965
378, 6444
4441, 9620
455, 8160
788, 6121
18, 1284
8233, 1523
6435, 7267
3502, 3954
5114, 7120
8621, 7600
3121, 2171
5048, 4948
5438, 3247
6026, 819
6341, 5019
4600, 7683
1545, 7595
3510, 1917
4067, 2530
6821, 5166
1163, 8790
283, 5818
1459, 9625
8043, 4718
7124, 9439
8691, 1841
623, 8289
5781, 7446
6390, 5036
9421, 4608
339, 422
9809, 4322
9621, 1599
3350, 1730
236, 4960
5631, 921
7626, 7460
3761, 5787
9257, 5215
6370, 8125
4011, 6046
8639, 4935
1069, 3821
8764, 7128
5477, 5855
2967, 416
8186, 6397
9606, 4703
994, 174
5598, 679
5318, 399
1301, 5088
8642, 4320
4159, 7608
7705, 7051
8789, 6724
2646, 4337
997, 9144
1885, 7571
3074, 927
6879, 8090
27, 9896
9532, 6595
4938, 5805
6467, 427
1283, 5073
6789, 4818
8844, 7813
9784, 1343
2027, 5303
4759, 9824
7514, 5543
1351, 5340
5320, 7191
7796, 3592
3482, 7071
6730, 8066
895, 5706
9839, 3325
5329, 641
7069, 6953
3462, 738
5470, 5006
9238, 6093
4880, 7077
9368, 7402
9624, 7763
6133, 7130
5074, 8387
2494, 2360
6934, 3247
9640, 9356
5959, 1723
7637, 3788
1334, 4558
3871, 4223
1459, 8125
4190, 6480
1923, 1126
7273, 9307
1597, 7990
153, 1159
1534, 4423
168, 3840
1564, 9946
4265, 1519
152, 5549
9921, 2169
428, 665
6802, 2321
4260, 5546
5161, 8379
3498, 8396
8429, 430
5897, 5758
8728, 9252
4275, 3926
4451, 6241
9054, 8817
5145, 5294
4713, 1141
1597, 8561
2524, 4885
3752, 795
4621, 4303
170, 6493
495, 518
6114, 2904
2357, 5608
2297, 2320
9941, 3003
8728, 2587
1239, 2328
1130, 3260
8876, 9956
6555, 4023
1612, 7671
9200, 9008
7112, 5131
5905, 8949
8030, 7091
2417, 6180
8394, 5333
1614, 6506
4553, 6214
3796, 1354
5113, 5824
124, 9670
301, 7522
4177, 8956
3117, 7732
163, 7232
297, 9366
6036, 3154
3742, 5748
9152, 9708
1585, 9832
4938, 507
2713, 3996
3042, 8551
9465, 6442
5986, 3648
59, 9938
4120, 7687
1448, 4167
6781, 7158
5427, 5734
8804, 269
1334, 244
254, 6714
867, 6963
5354, 9076
1245, 2561
3067, 8836
3056, 1406
4209, 6945
4890, 8535
8057, 6214
6637, 9460
9984, 4642
2317, 4010
1603, 44
1827, 7821
2098, 6337
3732, 1862
3746, 956
8796, 7885
1266, 1184
676, 7860
6614, 5941
2803, 4559
4895, 3309
4448, 1187
8955, 4977
1621, 3690
1464, 6701
7199, 8576
5284, 9780
8594, 7454
5489, 9681
1881, 7169
4772, 8588
5180, 4517
892, 9782
282, 3027
4751, 81
6565, 7412
8144, 5102
2062, 3281
7981, 8516
1429, 6601
7829, 1914
7890, 686
1863, 1265
8514, 780
5845, 7713
7753, 6823
8328, 2638
9990, 7184
7149, 7703
8036, 9859
1516, 8652
3660, 288
6793, 5033
8424, 8052
7811, 7603
99, 6516
1610, 4605
9020, 2726
415, 9847
7721, 715
3555, 4852
2359, 5901
9169, 2983
6400, 561
3719, 746
5702, 9768
2943, 7002
9163, 2264
365, 8370
8179, 3394
8257, 3170
4881, 3904
7324, 9659
622, 3757
655, 4746
6553, 6544
7662, 7071
8840, 9415
4468, 8570
5740, 284
8928, 6001
9571, 8262
8350, 7391
7206, 3503
7424, 236
7203, 6221
8810, 2901
7781, 8544
5006, 9352
3439, 791
9132, 959
2632, 863
2907, 2742
4671, 6584
757, 938
5536, 5942
748, 2704
5775, 4769
8778, 1120
4817, 441
4647, 9052
8843, 155
36, 9776
4722, 3864
1204, 4680
8753, 9592
9850, 3352
5256, 8522
9804, 3244
3873, 4614
2519, 3437
7151, 1458
1933, 7549
7279, 6413
8778, 8223
576, 9291
4181, 3478
5663, 8334
1985, 7480
5243, 8765
9250, 6398
7176, 1668
5356, 4651
3087, 87
5687, 822
6450, 1348
2240, 1734
156, 100
7241, 6154
8279, 1598
9681, 8322
4760, 8617
4894, 7389
8389, 3883
518, 1408
5238, 6738
7932, 6095
5753, 7006
3208, 4667
3839, 1754
7024, 1608
8645, 3781
5746, 3674
1725, 4993
9956, 9004
5690, 375
7282, 3628
7947, 9413
9206, 246
8462, 3878
1590, 8299
2918, 9644
9447, 6030
9415, 7596
1136, 2604
4686, 2742
9049, 4133
9614, 7215
9010, 2187
37, 6141
5776, 8134
1565, 4494
2786, 4177
174, 6021
2050, 2661
6992, 6371
5206, 4303
7007, 9726
4806, 1713
759, 8576
4761, 6834
2783, 8079
5736, 5714
7154, 2148
1188, 5791
5416, 2954
5203, 5453
1907, 4357
8149, 6853
4085, 6301
821, 61
3535, 9845
171, 3296
1684, 6284
9470, 6073
525, 9104
4134, 5169
2853, 5210
1664, 5139
2420, 9929
9115, 9432
74, 4110
8816, 53
9937, 2834
8334, 285
4852, 1952
2867, 4387
8686, 4226
4727, 3888
6587, 8827
6433, 8957
6396, 2862
5405, 718
2326, 5178
2342, 1595
5593, 8979
7917, 7388
46, 5741
2683, 5393
3866, 1511
1619, 955
8816, 1490
448, 235
7330, 4061
830, 7380
1671, 7454
2245, 1039
7096, 7215
8736, 5403
9621, 9395
9260, 3423
2421, 5988
8732, 8398
2218, 3306
441, 2646
9251, 7449
4918, 469
8763, 5256
7697, 6200
2990, 3257
1606, 9937
4428, 7146
5070, 9412
5622, 8487
9460, 2974
2950, 42
568, 8515
9819, 529
8781, 4611
8001, 6265
2797, 2151
1263, 7660
3644, 4158
4282, 9557
1401, 6207
6487, 7660
7713, 3946
9262, 8338
142, 303
4250, 9402
3597, 8474
9437, 8882
8365, 1018
4112, 7341
1251, 7357
7511, 8319
5339, 7386
3299, 3396
7401, 1658
2530, 6365
8381, 6979
7457, 808
6212, 771
3681, 2219
9163, 9813
3143, 8188
383, 8275
5693, 8768
4320, 5097
1159, 1086
4948, 7681
5120, 4095
9431, 4337
8339, 9333
6560, 9773
2997, 4853
3039, 2666
1247, 2130
8211, 8224
6777, 6088
7080, 5434
7090, 8081
9981, 3870
1420, 9783
4612, 9459
5477, 7959
6338, 6276
9840, 3166
9526, 1504
4753, 2563
5750, 5547
2824, 7664
7861, 4789
2069, 5615
9010, 245
8042, 4253
8217, 3826
1374, 3773
9148, 7853
9869, 7388
1437, 6366
3005, 8700
2306, 6537
4507, 1455
4379, 4493
1220, 3778
7967, 2441
3280, 5379
6786, 3819
2600, 2673
5268, 8726
360, 6287
3443, 6544
7536, 2036
7488, 278
6052, 7778
8303, 9516
6515, 8592
4488, 548
5205, 918
8458, 281
4318, 7317
3967, 1306
5023, 9233
4363, 5246
1724, 5613
78, 120
9687, 3521
4921, 3912
7323, 8345
9901, 7067
2501, 7133
7423, 881
2909, 3449
3239, 5481
4899, 3784
9016, 3259
4291, 1650
8634, 7169
6427, 6751
355, 2691
8468, 1526
2356, 2430
3371, 2087
3663, 6848
3012, 1330
4215, 6914
6548, 9842
6304, 2898
2205, 4217
7909, 3868
5543, 4248
5112, 6597
7145, 3179
9795, 5412
5014, 5504
2014, 7278
3396, 8674
6842, 1580
6233, 4070
74, 9530
9438, 7681
9345, 7662
4213, 1556
86, 8659
183, 4997
6612, 9698
758, 8379
1486, 7964
305, 6966
3200, 2806
3974, 3432
992, 6866
2545, 2340
6659, 8982
4211, 6146
8364, 2731
3342, 1371
4304, 9283
1020, 407
3077, 168
8256, 9681
6905, 2029
7924, 9588
9790, 9636
161, 3349
9939, 5244
845, 6476
9550, 6963
1391, 4127
3653, 368
2254, 6461
5596, 9878
9015, 6037
1384, 8102
9550, 2800
6034, 1892
635, 4577
3255, 1731
7061, 8664
5613, 7664
1277, 5261
8144, 4792
9393, 6287
5179, 551
5137, 4377
3170, 2174
1534, 7933
4715, 9184
3022, 1537
4525, 4089
3789, 1267
8992, 8732
3197, 2617
6228, 9383
1150, 2201
4622, 1669
9368, 3202
4429, 2624
4597, 3494
7227, 4176
796, 2484
2159, 5541
9960, 9782
7631, 1213
6167, 2052
2930, 4818
6574, 1362
3491, 2931
6938, 1533
3186, 3469
2161, 7358
853, 6390
6775, 9016
5132, 2214
7180, 8340
3698, 6611
6531, 470
2399, 4215
4846, 2907
1338, 752
885, 2818
7164, 9652
309, 4148
1296, 4462
8661, 8209
8694, 809
419, 9464
5191, 7640
6285, 5699
8130, 7344
5852, 8637
5589, 5539
1851, 3377
9064, 3722
3349, 4320
2323, 6830
7644, 5566
1311, 8963
3478, 1482
3322, 2241
2482, 7128
2916, 7152
4265, 685
6679, 831
2991, 6695
8099, 7793
5432, 8742
9511, 1397
1415, 7642
4412, 5377
9650, 7178
4011, 6091
6897, 8270
319, 755
3958, 5962
4245, 6927
5990, 2984
9712, 4596
213, 465
6857, 2959
7072, 4999
6931, 5246
804, 7730
7852, 5597
1580, 3461
4800, 6032
1655, 5404
5208, 2554
4504, 6165
8127, 424
3655, 6376
21, 1853
4389, 1156
4493, 2827
8956, 6199
8817, 2699
149, 2697
9365, 5945
1348, 3062
3705, 5903
2317, 4182
1192, 5500
1754, 267
6989, 7088
2708, 726
2613, 6295
8190, 7798
6495, 6479
2946, 1407
3664, 5288
6323, 7459
8212, 9368
9857, 4639
2015, 8151
2139, 6149
2257, 8894
927, 6177
9335, 519
8973, 5194
7054, 4080
7290, 8167
2259, 7218
8720, 859
9158, 2441
4722, 3918
4637, 6591
6556, 9626
6405, 937
3401, 2815
6659, 2701
8335, 835
2488, 526
7606, 202
4258, 3703
9654, 4301
8768, 5248
2157, 5882
3422, 1487
2447, 6584
2110, 7662
7544, 549
264, 3796
8669, 4591
7336, 3619
9329, 7435
6933, 7422
1731, 6357
9922, 1077
3620, 4180
9966, 7262
8583, 3753
5078, 1458
5522, 9236
7306, 5921
6224, 3939
8300, 3058
4376, 2777
1956, 7163
4169, 1814
993, 5914
6524, 8712
9291, 9246
5099, 3214
5908, 8997
7696, 2885
5212, 9826
6070, 9537
9700, 5338
4460, 9129
7658, 2748
8840, 4016
8835, 8123
6584, 3100
4519, 3017
2451, 2932
5317, 7057
2238, 1834
7351, 3825
9643, 947
9025, 1043
4188, 7279
4483, 8982
5349, 6314
2366, 1901
9168, 2606
4531, 6532
2745, 434
3575, 8283
8825, 9602
6963, 545
8513, 4700
7287, 4397
6524, 7909
8766, 6363
3751, 4103
7485, 4962
3933, 7112
5174, 5966
1338, 4439
2281, 3599
7489, 5061
4169, 782
9881, 3693
924, 3846
1314, 209
5852, 710
2789, 9267
684, 8818
7466, 9181
8996, 5617
1347, 6590
8125, 215
4182, 4930
7960, 5263
9032, 9820
1864, 692
5492, 210
8608, 2844
6122, 2677
2423, 9778
181, 1036
2056, 1934
5205, 8188
6678, 3683
5515, 3734
6781, 3446
7891, 2333
2052, 9494
267, 1586
3502, 1627
1234, 9374
5183, 511
6428, 587
5052, 9172
4290, 8224
7483, 5297
4134, 8087
9898, 5052
6756, 8364
7451, 6293
8756, 4
6525, 3069
9499, 1607
4870, 978
6481, 460
5036, 7688
2286, 1072
6675, 7573
6814, 1331
5904, 73
6724, 3967
8332, 9719
9354, 8581
3365, 4101
5302, 2534
1694, 5692
6200, 9835
5895, 4764
7135, 5569
1799, 7744
3964, 3988
6357, 1545
8543, 6759
9015, 2585
5229, 3565
1281, 3759
1011, 1832
1583, 5418
3380, 908
7550, 8395
7134, 3582
1380, 3804
1195, 6750
5056, 6486
2036, 9038
6556, 4260
3343, 1742
1231, 2242
5673, 2390
9519, 417
4718, 2959
6643, 7994
1509, 3038
8119, 9724
9001, 7982
4312, 1124
4514, 3401
3120, 216
5571, 5603
9228, 5712
4316, 4307
1352, 4625
863, 5278
9004, 5367
3647, 4689
287, 1551
8853, 5035
5738, 9406
5085, 5638
7720, 7601
6317, 992
473, 7474
2629, 4618
9846, 1236
4833, 4604
46, 668
1180, 4146
6191, 604
8063, 9128
5297, 3564
2071, 637
5804, 2503
453, 3911
8665, 4864
766, 4739
8486, 7855
9267, 4790
3875, 3051
8875, 7830
2618, 8949
5868, 5214
3084, 2783
6296, 3010
8341, 1400
6148, 1263
4433, 2838
7924, 7966
2649, 3374
4786, 5077
9718, 4034
782, 1145
54, 8216
1279, 837
8331, 3458
9800, 1696
6273, 895
9333, 3341
5112, 1230
1605, 2964
9343, 5931
4721, 3353
1410, 935
810, 8358
2074, 7064
1905, 3370
5875, 2378
2112, 5389
7019, 6672
1734, 975
4677, 7004
8480, 6652
1677, 1510
2803, 8525
2935, 6108
293, 9583
3952, 7783
5083, 488
9254, 3413
1565, 9083
7267, 9272
9814, 3226
485, 7083
120, 1939
3449, 9100
5196, 5112
7877, 331
7799, 7023
885, 1613
3064, 5378
76, 5357
7613, 3508
9325, 6320
6262, 4354
7810, 5299
4721, 4625
9145, 5572
5828, 5881
6655, 6953
938, 6221
3140, 8416
5108, 550
2126, 2708
8625, 4044
3354, 8585
4696, 1936
573, 8549
3810, 1977
5320, 7643
2772, 4921
1434, 9621
2442, 3787
7647, 1149
8768, 747
9607, 6312
5114, 4401
833, 5568
5667, 9932
9302, 1356
9426, 9864
1554, 3774
2280, 395
1564, 6297
8534, 9665
9511, 6412
3356, 1938
3650, 9776
7980, 9757
3322, 4922
9341, 7252
4959, 7325
2587, 4211
115, 2991
44, 6125
2575, 4486
8078, 822
5744, 4239
9819, 167
3806, 1003
9134, 4897
1549, 7399
8608, 5073
7069, 390
3051, 8348
892, 8893
8656, 4631
5980, 9034
9059, 8534
5119, 8018
8548, 1263
7149, 102
1337, 5226
2728, 8897
2038, 5207
1927, 529
8671, 6124
3055, 4255
6068, 2778
7568, 2156
395, 4475
8523, 251
7628, 4890
6897, 4005
9093, 6398
1479, 5100
5838, 4
6038, 3200
5687, 4057
1903, 9128
3709, 6241
6251, 494
4155, 6471
3344, 4489
557, 4401
895, 9751
9312, 5182
7178, 8583
6406, 2639
2340, 5201
9669, 2256
6625, 3523
4559, 2370
8492, 1560
1388, 8054
9863, 8247
4499, 8327
8957, 5846
9928, 3141
9732, 7880
2783, 5610
14, 7242
5311, 2666
1214, 3126
9969, 3772
9191, 3298
5064, 5247
2976, 3928
1546, 3499
6180, 4531
4124, 4902
7847, 35
7389, 4143
8034, 6477
1385, 4890
8143, 7586
1437, 712
3936, 3881
282, 9251
6362, 668
9410, 1827
2815, 2348
2176, 8640
5881, 6562
5044, 2164
4722, 9459
2556, 4684
8416, 5183
7070, 9899
5694, 7639
8177, 6939
7478, 88
1804, 49
3643, 9272
182, 3307
3410, 652
2908, 5897
5696, 2227
2594, 2086
8110, 9395
849, 7969
1210, 8286
9134, 5436
7944, 5856
6506, 7920
4581, 6168
6134, 555
636, 9601
5023, 9687
5841, 7980
2423, 9016
6570, 1883
8740, 818
8558, 2268
3346, 9333
3685, 2432
403, 6358
5200, 5559
1159, 6971
5506, 1946
8887, 4434
5611, 5157
3114, 9006
2005, 1439
2107, 9968
3815, 1623
6306, 9646
5783, 2781
3518, 1602
6732, 5194
7092, 4290
962, 5548
6881, 3255
279, 6610
4283, 2908
2978, 8017
8678, 5221
6435, 5377
8179, 5481
661, 7015
5907, 5406
4352, 6895
7497, 3856
4524, 6069
6925, 4749
6176, 7776
7356, 7136
9511, 2509
1325, 3048
8164, 675
5311, 6516
732, 184
5374, 1629
3298, 9616
2804, 1024
5569, 1452
5004, 8726
7170, 2823
2161, 1058
9789, 2296
6277, 967
9324, 8964
9550, 3252
5450, 2164
2443, 5132
7963, 2415
4741, 7462
7237, 4628
800, 1870
4460, 2950
9057, 5382
8252, 3763
2969, 156
5823, 9363
415, 489
2174, 7914
6635, 3012
5188, 2154
7983, 3137
7854, 9480
4448, 9337
4319, 6616
9554, 9670
3312, 6856
4659, 7275
9717, 4983
6301, 575
4762, 3296
8479, 2484
6652, 8071
7669, 5000
8004, 1246
2627, 7767
3758, 4804
2305, 6091
8088, 1851
2192, 9089
6134, 3060
9259, 4553
6642, 6377
3625, 1818
544, 3431
6494, 5487
8768, 1446
1873, 2322
2861, 8567
9897, 9380
4386, 8425
6640, 1430
1932, 3143
5353, 2055
7515, 7138
1774, 2394
4162, 3622
9602, 7234
125, 4699
9494, 3198
9170, 1563
5431, 3307
5697, 8699
9732, 9962
149, 727
6653, 3392
9020, 9103
6967, 5411
8355, 2456
6780, 40
5419, 1584
4671, 5142
2968, 8722
9421, 5446
1303, 5218
9135, 3418
6383, 2389
700, 7159
5297, 576
8603, 3424
6666, 908
1799, 3936
8343, 5779
5963, 7236
5191, 570
3612, 4723
1660, 2026
3686, 8714
9739, 6828
7038, 8584
2916, 8193
9015, 9987
7323, 7659
6529, 4118
8084, 8108
9579, 9464
1806, 8361
7385, 2745
8662, 3722
8977, 9195
8796, 577
2015, 7739
9538, 7172
3496, 6138
289, 8840
9803, 5917
8182, 3020
8707, 3085
602, 3600
7098, 8236
79, 8017
6488, 533
3798, 274
649, 6030
2925, 9095
716, 2253
8277, 6753
439, 788
3394, 4113
1000, 9834
9212, 4587
8583, 4008
7219, 7609
727, 5117
9999, 9576
4043, 190
485, 9187
9525, 3165
7077, 9707
1465, 2372
352, 2272
9553, 3934
1064, 654
5050, 4387
6415, 8374
395, 3454
8049, 9608
6341, 7757
1822, 1146
5014, 4341
303, 1736
1608, 1471
2378, 872
614, 8786
5745, 6744
1151, 7022
1828, 3814
7379, 1458
9191, 4060
7354, 5723
5886, 8375
3460, 2474
1380, 2290
8971, 6193
6795, 1396
5028, 5609
5726, 4162
5861, 5891
2563, 6098
7040, 7721
2220, 1597
9838, 9984
4508, 8480
7655, 8045
4358, 5616
6813, 3921
3233, 599
920, 4418
2553, 4943
4668, 3767
7887, 9978
4838, 7759
6240, 2188
2502, 3999
5379, 3173
1271, 9271
3867, 9983
8841, 511
2060, 9056
1456, 4339
5467, 796
9301, 760
1518, 3771
7258, 538
8419, 6978
4747, 739
8973, 8401
2544, 810
6360, 2393
3327, 1158
2974, 8871
9054, 7678
2930, 5041
2550, 4430
9785, 4571
899, 8536
4104, 9222
6088, 4340
5833, 1031
4719, 6181
2759, 3920
5710, 1082
7609, 1261
6325, 1838
3612, 2876
5748, 301
8584, 8762
1946, 2419
4436, 2470
3416, 1538
3350, 9413
691, 5279
8867, 8817
6776, 9962
8436, 7470
1707, 6265
5881, 9339
9912, 7584
9960, 2897
2362, 1342
4158, 6572
1097, 103
7222, 2754
7166, 8842
247, 324
9299, 2174
8887, 2097
8693, 5022
9390, 6497
4523, 6653
9637, 9317
369, 7672
3037, 1801
9501, 6231
4908, 2162
9970, 5712
6227, 2250
5858, 2552
7483, 2501
1887, 1366
9997, 4719
9322, 2102
9408, 3188
3789, 3095
3805, 8411
5348, 98
6927, 9296
8581, 5815
5367, 1084
592, 4278
2955, 5108
4834, 3702
5166, 3851
5332, 8517
891, 1173
256, 7981
1019, 7625
5603, 3743
4342, 7457
6414, 2895
3206, 7649
1479, 1084
6215, 7410
7468, 6234
9530, 6586
3543, 1102
1721, 378
6877, 8197
9125, 212
353, 1
5882, 518
4982, 3522
9749, 1271
5505, 4893
9164, 3309
5452, 539
6699, 5977
1495, 480
4143, 8720
3322, 5893
7291, 8774
8869, 9237
7048, 9817
7048, 8338
826, 7015
9022, 529
6621, 5949
8820, 8968
8334, 3934
6936, 6498
2486, 7388
6845, 6461
9953, 3974
4506, 4193
3325, 7485
8706, 6812
9198, 9989
206, 8062
2478, 8133
6038, 5039
9154, 4298
3376, 6552
4695, 5006
6031, 5749
1915, 2209
7820, 628
8905, 2801
8690, 8362
3388, 3436
3011, 4659
3252, 1951
2552, 7507
6327, 4777
6566, 3198
798, 481
6508, 8769
2240, 9008
1065, 1707
6461, 7629
1162, 1595
160, 6436
4017, 3847
120, 770
641, 278
6560, 9951
6966, 555
4121, 3608
5666, 414
8953, 2151
7857, 3160
9373, 9106
8062, 6124
1178, 3245
8334, 9261
6097, 1693
5914, 4111
4065, 8267
3307, 2670
9927, 2112
8974, 9349
4896, 435
2071, 1148
5391, 6284
1697, 7121
7753, 212
6307, 7937
253, 8844
319, 4195
3602, 1894
8004, 9298
8777, 2931
4147, 1301
658, 3018
2414, 9837
1258, 5938
5948, 6826
865, 28
202, 4410
8202, 1472
7179, 5119
6523, 2691
9136, 364
5012, 9794
627, 4556
1421, 5117
5101, 6799
4136, 8355
2392, 3585
8246, 5109
8078, 4425
4262, 4522
5664, 555
2087, 175
9347, 6938
5230, 4424
6084, 5886
7427, 2328
1724, 7661
9766, 8985
9743, 5034
175, 6728
9391, 6215
7971, 8656
2973, 759
8882, 3825
4127, 5605
8318, 5261
1629, 6971
9158, 7135
3110, 6816
8048, 1896
4255, 2720
6821, 8999
267, 6585
453, 5428
391, 2992
7260, 4458
5420, 9774
7069, 9519
2631, 571
9482, 9329
5173, 6597
4150, 6238
9752, 7405
545, 5200
663, 7342
9219, 4307
6737, 9915
7252, 6436
9394, 7795
9127, 8760
9326, 9108
4359, 3527
2298, 393
7674, 9203
4698, 3185
4626, 8185
4549, 6734
7986, 9682
4116, 4854
1790, 342
5194, 9114
7307, 5086
1198, 3441
1925, 6404
8451, 5856
8735, 3161
4856, 2648
6981, 6707
4635, 1964
2494, 6801
4889, 3485
4494, 7245
8865, 1012
6887, 7277
758, 5867
7999, 1397
9283, 9448
3916, 1596
7896, 6743
1564, 9705
3571, 1843
5266, 9323
9754, 2657
1850, 2962
9445, 6954
5934, 2301
6185, 3042
8001, 7041
4926, 585
9640, 5122
9762, 7486
9833, 5201
8774, 7323
7291, 9602
5878, 6977
6573, 7353
5702, 1713
4738, 5345
4216, 6995
458, 9
8922, 6919
5165, 2731
7325, 742
7552, 2729
688, 6979
5177, 1494
2650, 5668
1839, 3855
8983, 9319
651, 3092
42, 6483
5243, 4919
3600, 9164
8501, 8384
9621, 8354
7769, 3562
3648, 5735
4831, 3758
4857, 9419
751, 4410
7500, 9126
5743, 2493
9861, 8753
1575, 5937
3050, 2017
7088, 1158
9160, 8225
1723, 4343
5366, 8603
4191, 1707
5046, 7058
4378, 507
3434, 2911
3944, 1019
3395, 8583
2785, 1478
1924, 7765
4749, 8474
3509, 7001
2019, 797
6275, 5388
6495, 235
2885, 5647
5569, 9741
7770, 5551
8770, 6968
9166, 839
4642, 4287
1420, 5283
8301, 8661
6716, 2076
4012, 6227
8845, 5380
1271, 4978
1182, 1648
4648, 1254
3543, 9949
2699, 7048
2405, 144
1873, 2686
9538, 2446
8052, 9048
4914, 6933
7445, 7738
8521, 4069
497, 6801
9787, 5471
8210, 4308
4156, 1608
1938, 5257
8677, 1913
2282, 1264
9896, 1127
8040, 2448
5627, 5530
3103, 6764
656, 124
7352, 8146
3989, 7504
7527, 9088
9239, 5852
5464, 7955
4322, 1236
1448, 8093
7779, 2548
9456, 4466
9166, 9642
1644, 8352
683, 9406
858, 6776
4123, 5775
5038, 2557
1049, 220
2403, 5240
604, 6443
4731, 6341
649, 8905
2663, 5086
7157, 8095
6210, 1362
3575, 829
5831, 5586
2252, 3782
6644, 9112
3909, 7559
4198, 8820
3659, 9621
8067, 6484
3394, 5842
1271, 207
491, 4908
2998, 5774
2627, 4274
9329, 6871
2985, 5460
5187, 536
6877, 3222
7627, 6061
7572, 6144
2180, 3262
2968, 3653
9999, 6423
2956, 2110
2706, 8181
6365, 2339
186, 2506
7252, 8357
6460, 5982
1385, 4219
9434, 1874
5425, 5702
7633, 5473
663, 7379
5918, 9814
5705, 3229
4209, 6980
9017, 4925
5449, 7862
5108, 5695
5759, 1876
2848, 930
5903, 8974
7758, 443
5153, 9688
3295, 2438
7350, 8867
7874, 3259
1726, 5875
8555, 4921
1126, 9042
2560, 402
3982, 336
4541, 4466
361, 7573
743, 8396
7182, 5221
6685, 8659
91, 8783
8395, 7459
5129, 1234
9192, 5450
8042, 1725
2688, 3462
2207, 7249
9020, 6603
8758, 7732
2956, 4833
6657, 3061
3846, 7144
1170, 9127
3960, 7753
2050, 4957
8170, 3099
4849, 5504
7663, 7871
1831, 1696
42, 3032
1145, 3988
4734, 1850
503, 2479
4765, 1950
979, 4146
9570, 7023
5020, 760
1114, 3748
5960, 7025
2732, 9130
8768, 31
3482, 9854
4709, 2695
575, 7828
6112, 6980
2952, 6054
6167, 4350
1392, 4028
8108, 2961
3220, 9077
5567, 2190
5, 2160
292, 2299
1723, 3417
3407, 2087
4774, 5347
2380, 2366
7328, 1854
1659, 3877
9391, 9046
7976, 8147
7735, 792
6041, 3693
5163, 593
3520, 2636
8547, 6404
5984, 2700
2058, 1816
877, 6564
6671, 5244
988, 1197
7883, 7832
1289, 8864
9666, 3473
1240, 3217
1570, 7256
5667, 6466
5577, 1441
7202, 2117
9075, 1787
4200, 6050
4880, 2544
8954, 8209
8996, 7242
8058, 9573
3784, 7216
626, 518
5743, 4636
7325, 4568
1843, 7243
7887, 5309
5005, 1152
3556, 8932
3667, 6421
3558, 6572
6459, 6159
8440, 6745
4606, 2796
1263, 2081
1960, 6780
6001, 8260
268, 5274
4549, 5894
9140, 6325
1098, 5307
6950, 4447
532, 1885
9523, 4593
657, 1229
9353, 3817
5225, 9412
2712, 833
484, 8596
1521, 9229
2325, 5728
617, 2849
6116, 9076
2990, 9708
7770, 4018
4417, 3189
6117, 4203
5953, 6689
8395, 5879
8505, 8494
5228, 5617
7423, 8720
3728, 5809
4125, 4965
2735, 311
6332, 4534
4063, 8433
4716, 1420
9256, 9737
4561, 1677
1588, 4302
5560, 3170
8066, 7662
7895, 7430
6905, 6045
6642, 8685
137, 4628
2329, 1598
3854, 5609
5871, 3743
398, 1942
8917, 9595
7506, 7833
7285, 9187
5921, 4728
2699, 1518
6423, 2462
7997, 2862
8500, 6166
8716, 6513
4881, 9763
7810, 5200
1486, 7674
2715, 3976
6567, 2269
833, 2050
2261, 7253
1855, 7537
4944, 3131
743, 2264
6994, 1363
7135, 7317
8503, 1285
2517, 9230
5473, 7257
5092, 6423
8071, 3823
2863, 1197
6093, 9944
7242, 2433
3983, 8964
9352, 4084
4856, 9993
1790, 4188
2319, 8028
5478, 9888
1680, 8672
9809, 7030
345, 9336
2644, 3590
7499, 8730
1347, 4235
1248, 7843
4699, 7894
620, 4209
1768, 3566
8107, 8240
9815, 8984
9930, 6836
1942, 430
6354, 9088
8632, 9647
7727, 353
8148, 3556
5088, 7787
6605, 1578
2823, 2254
1389, 6241
6783, 147
8666, 80
365, 5737
8778, 8082
9870, 470
3811, 657
9072, 3420
5275, 6509
3678, 5707
5342, 9593
6963, 2572
7854, 7027
9216, 9777
181, 8222
2024, 8151
5606, 30
712, 6405
369, 3871
4164, 3892
2629, 6930
7341, 2346
239, 9028
9758, 8804
7873, 3629
9286, 1744
2910, 1762
4192, 4756
2546, 4632
1837, 9663
1311, 886
2148, 7770
4546, 9365
3520, 8011
6915, 567
1799, 5766
9867, 1025
586, 511
464, 1830
312, 9376
3788, 5745
3342, 9827
252, 4462
7625, 6174
4676, 3062
9644, 6681
6528, 3542
3357, 4316
8501, 5451
5705, 2169
3685, 1003
1144, 7571
5377, 2883
8539, 7002
1482, 1465
66, 6724
1168, 9469
6378, 4490
4603, 9617
9971, 4700
4120, 7554
5600, 9314
9147, 3505
3464, 8688
9283, 6531
1721, 900
9259, 7761
2300, 8880
9820, 4813
8739, 3598
7296, 7010
1951, 8469
7025, 1462
6479, 8919
2832, 8879
9298, 2180
3698, 3678
4382, 3263
1988, 7741
9577, 4474
5200, 2113
452, 9984
8440, 5980
6055, 6383
6670, 6178
967, 9617
2086, 3989
292, 1301
6931, 415
3104, 543
6222, 203
554, 7384
1302, 4657
5064, 8227
2801, 684
1139, 782
6464, 5402
2300, 2241
8032, 4863
269, 9814
4205, 4390
1050, 7797
