N 5000
R 7000
Tp 1
Ts 4000
8453, 1769
4385, 316
8750, 7161
6724, 9454
5926, 4955
3499, 8633
3514, 6728
446, 5633
9827, 8679
4556, 2336
2789, 2617
2303, 596
4145, 7425
2571, 4678
4523, 4531
6400, 4808
9558, 9080
8976, 1786
8170, 1531
7738, 7624
9240, 435
9619, 180
3956, 94
7958, 3995
8049, 3238
5331, 7591
8347, 7682
3235, 2097
8558, 9628
4524, 736
3620, 7210
5567, 8562
187, 7820
2975, 5814
7700, 4081
7596, 4292
4296, 2117
1773, 6122
5877, 6203
6141, 6644
5814, 7027
5116, 278
3569, 6521
4470, 713
2618, 4794
7552, 2400
9973, 1427
2494, 4885
3977, 7975
7058, 7701
5903, 5405
4720, 7413
2954, 3924
4092, 7888
3664, 9172
5397, 5854
3111, 6771
8571, 9650
2107, 2320
8139, 8528
1899, 3183
1867, 8489
1571, 9858
5713, 8100
2484, 2160
318, 7355
8928, 4420
280, 3551
9474, 3701
7973, 9913
4714, 3773
2595, 2543
8214, 7737
8852, 9871
924, 1532
2167, 7274
9651, 368
6882, 5504
9058, 5530
8235, 8116
4752, 5177
3942, 7099
4443, 6266
2376, 7623
8932, 9931
5627, 7770
5575, 6282
1290, 5689
1080, 1993
3484, 6336
3209, 8337
1069, 2796
8728, 6816
4808, 136
8773, 6113
4017, 1383
8354, 2838
526, 2026
5331, 9796
3510, 8287
5268, 9578
4850, 6119
8154, 6783
5424, 3874
7233, 9528
5270, 1930
3973, 5139
9203, 8776
3789, 4788
33, 7238
289, 6921
9751, 3938
7932, 7131
4491, 1196
6300, 8356
4117, 6477
4182, 7671
3870, 2900
9575, 160
71, 2637
9382, 6633
9558, 1264
3813, 4566
3819, 868
9525, 1663
5969, 7518
6617, 823
849, 3882
8867, 637
5424, 6788
2139, 3806
3304, 1460
4718, 8949
7412, 9700
5491, 3137
6356, 2063
8457, 5393
4529, 7559
9948, 2782
2330, 211
118, 9765
6605, 6099
1746, 5104
3570, 1474
8572, 9184
6177, 455
3220, 184
7284, 8152
4881, 9497
2839, 3900
9874, 6
8955, 7482
1567, 4083
6202, 211
9887, 9839
3028, 3577
115, 1675
1880, 5403
8959, 3334
5119, 5838
6425, 1862
3891, 1273
2906, 8837
7709, 1965
7697, 2070
4811, 7807
3799, 5218
2351, 1348
5725, 5844
7285, 2296
6961, 3229
8253, 8442
192, 8388
598, 7943
8245, 5150
7052, 2930
8639, 9285
2120, 1837
8433, 377
7014, 3143
4963, 8016
7316, 1458
1526, 4795
5094, 7279
6597, 6630
5334, 9705
9431, 8347
4536, 8330
7984, 7557
5276, 5342
1911, 9148
9357, 1058
5411, 4737
2246, 8664
46, 8231
6116, 7691
3196, 9116
1383, 7817
4628, 6355
7394, 8929
9517, 3072
1922, 1978
2276, 4047
731, 1198
6505, 6337
1821, 4418
1050, 6516
7030, 8611
7591, 1677
3281, 8846
901, 773
2892, 3195
4686, 5069
3943, 7991
6245, 7967
2952, 3725
1735, 1491
8540, 5713
7149, 8747
6760, 2681
4926, 5260
7501, 5032
3730, 6841
7322, 1095
2817, 9549
7307, 2082
9817, 3157
8543, 7725
6046, 88
8600, 737
8796, 1972
2492, 6023
713, 9670
7976, 6016
5958, 6100
8467, 9678
4243, 4011
7392, 1363
514, 2769
3006, 9444
3043, 6070
6970, 1545
4799, 572
2740, 9844
7393, 5136
383, 91
9934, 8564
3281, 6900
1765, 3162
8778, 9596
5314, 1343
8626, 4211
2476, 9041
1819, 3992
7246, 6958
1846, 3165
5187, 5931
353, 119
1978, 6606
4062, 884
4553, 7385
8751, 9176
9374, 3412
236, 5238
801, 4613
5191, 5080
21, 1662
2151, 3964
1229, 5923
3217, 2715
9499, 3174
9382, 4758
2227, 5041
8037, 6543
4639, 319
5568, 5633
9900, 8024
9052, 5661
3841, 8680
1378, 7219
8303, 4794
8418, 3081
9316, 9014
9368, 4987
8138, 6244
3046, 7455
3469, 5339
6977, 3443
8361, 8475
4712, 9510
7537, 195
2847, 2447
8220, 4704
8714, 3518
6538, 5379
8388, 7102
3813, 7454
2416, 8899
4851, 1675
646, 149
5143, 1000
5423, 1673
1367, 3299
3180, 1097
1784, 2205
8384, 4367
9413, 5982
3663, 19
3791, 9510
6350, 1838
1214, 8187
6121, 8299
9894, 612
6419, 2393
3189, 3521
1928, 1503
9944, 3124
1743, 4813
5837, 192
6699, 3978
9892, 4892
8849, 5199
7406, 4580
8195, 864
2615, 3325
8299, 5362
6033, 2531
3555, 2910
1061, 8833
7537, 9424
2878, 3931
4321, 284
3409, 155
8250, 8190
7108, 4775
9986, 7356
4688, 9676
9037, 6682
3057, 3001
5473, 7818
3978, 8554
7269, 6654
8517, 8606
5464, 731
6792, 7352
8189, 3292
4148, 2719
2692, 9072
1798, 2402
2964, 8033
6464, 9004
789, 3346
6962, 7103
5770, 372
4802, 784
6747, 9957
2571, 1887
8416, 3637
3953, 1442
9306, 2134
5842, 1901
9148, 3152
6824, 5680
8470, 9567
476, 9356
2722, 2906
1508, 8675
5255, 6240
9037, 763
539, 3600
6772, 8543
9526, 581
2765, 8947
3745, 8780
9319, 1409
9997, 6772
9239, 2021
7297, 2433
880, 6929
7659, 7245
4325, 5374
5927, 8284
1397, 8384
7117, 9034
3333, 8516
4293, 5507
4779, 2440
5973, 3806
5222, 855
3131, 4455
1627, 5376
8967, 4392
9051, 9251
64, 9763
1552, 5511
1302, 1630
5878, 778
7, 5516
7510, 5206
2075, 5812
9629, 4669
4138, 9200
492, 7377
2782, 3221
9289, 929
2851, 73
9090, 1012
266, 2294
3122, 6107
797, 7881
6267, 4327
6701, 6967
275, 9527
3639, 5229
444, 3739
8389, 7091
1787, 7754
6624, 8476
9275, 8940
3523, 8076
442, 7765
3307, 1751
7632, 9023
8267, 7730
8415, 3458
5405, 5320
7782, 4147
7298, 3099
8752, 4998
8265, 533
8794, 4449
7950, 2777
1282, 2895
6714, 8779
8795, 414
4489, 6265
1756, 7494
1561, 2677
2808, 8550
4046, 2352
8312, 2460
1826, 4996
3845, 4544
5210, 2286
3554, 7886
7092, 7366
7909, 814
8156, 4572
1142, 594
7805, 1777
4944, 8555
1940, 1183
1237, 8920
8593, 1670
1791, 6845
9015, 9716
6880, 3004
643, 976
4826, 9906
9721, 692
1371, 320
5129, 1124
7729, 9636
9793, 8559
3995, 7524
4732, 4305
2304, 1591
9192, 2546
2360, 3232
6773, 559
7928, 2103
2649, 4963
1563, 374
7697, 4177
3292, 4125
6530, 1217
8209, 8450
4958, 4900
3297, 968
1137, 1014
2277, 3627
5115, 3504
1788, 710
2536, 5686
3177, 4705
1131, 3267
6311, 6938
9097, 2959
957, 6526
562, 2459
9773, 9557
9450, 8425
9126, 3143
1781, 3050
7065, 1471
7122, 7109
8088, 3098
2750, 3617
5546, 940
6873, 9392
7692, 8815
2710, 8440
5570, 9593
27, 3086
5722, 649
7017, 1409
3185, 3709
8133, 1041
1167, 9956
1365, 4618
4814, 5355
1062, 9057
3320, 4374
9338, 6409
1870, 4572
3823, 4930
2149, 2159
7482, 1888
2426, 7559
5155, 5315
4455, 571
6426, 4248
8397, 8315
2967, 2075
2241, 2764
7263, 9383
7011, 6065
7939, 2812
5785, 3074
9202, 5820
59, 4108
4142, 8082
5480, 8965
1948, 4335
8966, 3530
2789, 9282
2694, 3447
8666, 5939
2901, 1665
6820, 8285
2110, 308
121, 9174
1902, 1077
107, 444
8448, 419
2346, 1645
710, 1262
5322, 9779
1017, 7523
9695, 7226
5239, 9156
1700, 1824
4188, 129
411, 5480
9820, 4277
3007, 4554
284, 9919
1670, 7210
6864, 9194
6450, 8356
879, 9884
1318, 417
8659, 88
7142, 3273
9532, 512
7351, 7477
7412, 5738
181, 1279
9885, 6925
5332, 761
839, 7689
1182, 2198
2493, 9697
6202, 9193
2319, 3670
6670, 8472
7595, 7697
187, 8700
4180, 8860
7815, 7208
965, 8877
6216, 3940
1247, 2720
6556, 2965
8237, 3744
2710, 1354
8297, 8482
7427, 3957
2999, 2463
1338, 532
1199, 2412
9009, 1628
1192, 503
4492, 65
1312, 4319
9969, 8868
8296, 7728
327, 3626
9244, 1226
7693, 3988
1344, 574
3367, 8592
2614, 3669
7810, 5612
3725, 6268
3561, 1682
6499, 8607
5824, 2164
9786, 2401
5198, 2725
4425, 6437
9928, 626
2809, 9565
3031, 7884
1360, 7292
7211, 7602
2539, 1290
2378, 3567
3347, 4820
8033, 7117
2050, 3036
1163, 549
624, 68
1775, 7301
3718, 99
9027, 5180
1107, 8242
7647, 5621
1628, 9382
4589, 7517
9374, 138
9804, 2306
624, 6616
4499, 5947
9348, 9108
3698, 4830
3420, 1060
1140, 3010
8345, 9248
9730, 7842
8318, 9202
8209, 1833
2227, 9002
8315, 5696
1926, 5361
6395, 9490
7547, 9192
8082, 361
2852, 3597
7206, 7191
668, 9080
4922, 8658
974, 216
7017, 2268
5203, 2661
8476, 7310
7959, 4018
1323, 2033
2077, 577
4480, 9641
1177, 6834
3527, 9999
9627, 9802
2706, 361
1852, 9628
7512, 2696
1328, 7462
4269, 4077
7164, 9147
3453, 5496
5873, 1112
7202, 4175
9558, 8629
8838, 8952
1108, 5243
7954, 724
3146, 7020
260, 3591
385, 7699
9631, 3560
346, 9353
9916, 6577
1252, 2577
8079, 7187
2393, 6113
7188, 8378
7032, 2029
840, 5208
4781, 9602
3397, 8369
8748, 1403
7909, 4659
5325, 7507
8503, 9599
2562, 5801
638, 4376
1716, 8009
1783, 9847
2586, 8796
7603, 5449
7531, 1806
1123, 4102
3835, 712
2306, 9230
5362, 1706
1276, 1
7866, 6999
2268, 2411
3047, 9260
3666, 1915
2929, 9758
8276, 1007
7276, 3855
4443, 6766
601, 9373
4351, 8881
1557, 1239
2973, 4975
9135, 7469
7236, 4819
6983, 1763
351, 6028
1202, 7153
8812, 5057
1402, 8330
5339, 6895
4578, 2199
435, 3744
8712, 8128
782, 3641
7331, 2534
4293, 6001
7675, 432
582, 5657
775, 8944
3041, 3693
50, 9968
8290, 277
2151, 6943
5241, 6312
8428, 7842
4454, 1086
5627, 8425
2863, 1759
9802, 2191
8548, 4862
1436, 5373
5465, 1036
6321, 2988
5586, 6314
2568, 2756
4926, 4526
4437, 1222
6314, 2849
8334, 979
7063, 8068
7855, 215
2549, 5196
4269, 8086
6974, 177
6952, 321
3791, 558
3641, 8292
3489, 1414
2171, 527
8198, 7380
7942, 7151
4463, 8796
2886, 168
4250, 5396
4234, 5410
1609, 7113
424, 5790
1182, 591
127, 3859
5458, 4792
1844, 3464
6389, 8672
3790, 1840
479, 9235
2509, 4078
341, 3308
4436, 2195
3240, 4234
2967, 4603
7383, 3601
2848, 9568
7300, 2283
172, 6025
7892, 4857
994, 5028
9552, 8842
4532, 2155
6633, 4182
3486, 8565
7288, 7607
7835, 9196
4499, 9813
54, 8694
4604, 5965
2286, 2466
948, 5853
995, 8961
8908, 2670
2109, 4175
556, 8014
8717, 892
5052, 2826
667, 7692
6607, 4501
3181, 903
4672, 5431
7481, 8397
9973, 9156
5873, 4058
4944, 2295
366, 8146
6549, 8171
9992, 2633
901, 9911
2993, 4993
3832, 2260
1409, 9089
922, 2044
3628, 8015
748, 5680
2832, 9626
5899, 7989
987, 8262
6606, 1629
7801, 5076
7656, 1966
122, 2365
6094, 3441
4578, 4444
9491, 8008
6187, 9221
6574, 9773
9141, 2790
2061, 580
8909, 9016
7667, 9372
3483, 5489
6525, 583
1909, 3034
3346, 8723
4593, 8456
7592, 3348
7912, 8682
8595, 7024
5318, 4253
6281, 2519
7854, 4399
9569, 9469
5275, 110
6426, 4886
8929, 8780
3864, 6957
1601, 2386
1961, 6080
5499, 8174
7797, 4395
4078, 7450
4420, 1327
3163, 8970
2729, 5743
6552, 3970
8044, 9287
6304, 4914
2486, 7226
5735, 1455
4677, 8534
7403, 6318
3168, 1590
5975, 2880
9380, 5508
1521, 2293
604, 1528
2931, 4366
5775, 6258
7399, 2819
4019, 3104
3355, 8782
4448, 524
5364, 1218
1968, 8694
5694, 8251
2162, 2665
5905, 531
3597, 1196
6544, 4174
5778, 1751
1883, 2819
5418, 7440
8309, 5512
14, 8721
7440, 505
4134, 8968
9331, 9860
5433, 571
7389, 3684
5411, 6533
4308, 2199
4373, 434
2678, 7310
2661, 4787
9441, 9298
246, 3454
9758, 9789
6403, 7413
3975, 3916
5237, 8241
3529, 9743
6692, 3578
8133, 7529
8426, 8998
5585, 1979
4819, 9293
5804, 2392
9457, 933
2830, 5924
5484, 7838
317, 5070
1462, 6619
4460, 1735
5916, 6203
862, 3533
8856, 9556
7864, 745
8707, 6972
3925, 1441
7097, 6915
9731, 5435
117, 9296
2394, 240
2187, 6038
5245, 9080
7844, 8418
2937, 1639
4100, 68
8634, 5107
535, 7704
7789, 289
3306, 5568
8176, 7628
5959, 863
7334, 2033
6168, 8037
2983, 7177
2540, 7586
6243, 2148
4983, 8489
9111, 1198
5571, 355
648, 5153
2101, 6700
1325, 8503
4571, 7982
9193, 6490
5137, 2423
2533, 7307
1170, 9562
3180, 5467
3308, 128
8432, 1000
2764, 6936
4075, 1879
5112, 5858
5280, 4139
6140, 1876
9471, 2000
3692, 7799
9575, 8663
5689, 4593
309, 7486
239, 2223
6491, 6506
2474, 3487
9101, 2564
728, 3096
2276, 5661
9370, 2982
3669, 8911
1524, 1030
5484, 4786
4868, 6698
9473, 8072
2319, 9497
9693, 7494
2359, 342
9494, 751
9625, 5979
6054, 6254
210, 3347
2298, 7439
3858, 1921
2022, 155
7320, 4112
2054, 8239
6093, 8567
2735, 7256
5069, 456
595, 9469
5680, 390
5156, 184
9896, 2241
7744, 50
5122, 7840
4746, 8266
5774, 3401
9897, 386
7836, 8127
618, 9927
428, 553
1937, 1579
6264, 427
5933, 1552
3758, 1604
6633, 7410
5268, 1315
8638, 8674
9264, 7750
2902, 9195
7376, 512
3787, 8563
8803, 6326
2958, 3856
8379, 2439
9140, 4196
9370, 3974
6187, 8262
7641, 2021
6602, 5086
3064, 2112
9206, 8237
9423, 6402
9057, 5399
7059, 7976
6348, 6414
7285, 1009
7325, 4988
996, 5150
5852, 5516
6946, 7740
9864, 5974
8148, 1690
551, 2118
7971, 3977
650, 1463
3680, 3456
9886, 8433
1477, 2521
8959, 635
3910, 1804
1671, 79
6358, 7589
8885, 1962
2741, 6100
2008, 8060
9207, 6050
2618, 4018
4352, 6107
4554, 8861
956, 6140
8737, 366
3899, 9833
5014, 4865
9529, 939
3278, 2691
9340, 8869
5003, 8690
4838, 8914
9221, 1712
1915, 1229
4198, 3378
3340, 6621
2334, 427
4210, 4858
1319, 9472
8870, 6320
3427, 1064
7964, 3823
7730, 6274
6848, 6556
2208, 9123
9641, 9688
9915, 5866
635, 7915
2818, 162
5481, 6285
8360, 7956
1638, 8993
2584, 9925
9548, 8206
8403, 6915
9478, 3051
4005, 9720
3800, 7526
5525, 9161
4718, 1937
5323, 4318
6802, 4761
4108, 541
7911, 7061
3139, 7671
9269, 2628
1945, 8114
4908, 5861
8740, 7129
4033, 6954
7296, 5919
905, 1266
1681, 8849
8532, 2216
8743, 4444
6161, 3640
442, 8940
657, 6621
1759, 1042
4243, 172
2141, 7361
5263, 3687
7801, 5237
4126, 6943
3197, 8544
2342, 4073
8071, 6258
4980, 7787
9581, 2325
4274, 8676
9359, 2771
888, 7589
1621, 5716
3630, 1504
903, 5319
6320, 7835
4028, 3116
9290, 4577
6665, 6412
4851, 8806
427, 4054
3190, 676
1392, 7991
7322, 6054
1472, 7909
5988, 3697
8505, 3736
9187, 8746
8839, 422
2985, 1480
4595, 6809
4185, 5111
6178, 9503
9019, 3526
3199, 6765
2221, 7390
1011, 1232
1924, 1391
7455, 851
1216, 1448
2988, 534
2685, 4115
5098, 369
9221, 2507
2261, 517
9235, 330
9302, 6651
6179, 4644
1766, 2443
7846, 2714
9677, 1419
6545, 539
6600, 322
1844, 6061
888, 4568
1000, 9396
999, 476
5618, 6061
9366, 257
1188, 1546
5538, 9510
4579, 6699
7829, 1473
2003, 1588
8857, 9847
4030, 6080
2407, 4906
4867, 8018
9950, 6048
7547, 548
5215, 8140
9416, 5775
3364, 3531
6486, 3893
577, 3293
4931, 8414
6803, 3245
4859, 189
2820, 9567
4027, 6430
6289, 9557
4375, 4078
8931, 6415
3736, 3271
6105, 9565
4621, 4455
7079, 1953
4562, 5772
712, 2006
1102, 7102
4446, 9815
742, 1160
3610, 9949
5151, 4356
9863, 3673
5233, 2451
6801, 666
6038, 5302
5683, 4332
2546, 8061
78, 3630
2925, 6665
2053, 9453
3580, 8191
8405, 9170
5741, 2187
8530, 4372
6929, 4270
7997, 1708
6196, 1126
8626, 2324
9623, 8745
9645, 3786
5583, 5070
9276, 2983
4438, 4520
272, 8726
2576, 511
4669, 7203
5000, 8909
6881, 6274
8008, 626
9185, 5417
3272, 2628
7247, 507
9037, 342
4664, 7794
7379, 9636
2346, 344
8053, 7224
946, 6082
3177, 2652
3811, 3482
809, 9453
7331, 2599
2412, 8137
415, 9515
4035, 853
7327, 617
6654, 8076
8421, 6785
9567, 7096
6302, 2617
7895, 7878
9099, 8009
7757, 8298
1785, 1315
4061, 7950
7612, 510
6141, 632
2634, 5518
314, 2247
8724, 6737
3841, 9177
2112, 9864
3657, 9021
481, 9712
2222, 8655
8664, 6348
393, 3334
4804, 6081
2714, 6790
5860, 2573
3400, 946
6894, 9237
3279, 690
1736, 1130
4120, 2108
6179, 7719
3030, 4706
5303, 6730
5196, 6264
4649, 6332
6285, 2945
1018, 3599
5931, 9061
9257, 2419
6353, 209
3049, 7909
9436, 1339
253, 4164
1812, 415
5183, 3137
8696, 1387
4672, 6098
5351, 3076
7209, 1139
6235, 2707
5056, 7035
7696, 1088
1143, 566
9827, 7481
751, 6692
6389, 9119
6234, 1501
5359, 1357
5821, 6591
1999, 1653
8164, 9926
112, 7849
5039, 6630
5240, 675
7770, 5080
4154, 354
2347, 4463
9820, 3265
8548, 9990
9940, 4774
9705, 3527
3787, 2468
2683, 7690
7411, 7341
5875, 7049
5157, 5735
3498, 205
6867, 9081
4021, 438
9468, 4019
158, 4123
1934, 1048
973, 1340
7957, 6057
7414, 2849
4545, 6286
1707, 7138
7014, 1811
4386, 8081
5214, 3262
4290, 7687
329, 5129
2695, 746
676, 4864
3301, 200
5943, 7736
3176, 98
7417, 5465
506, 5512
9166, 266
5678, 4029
8656, 4776
8010, 8807
1787, 5058
3505, 6245
6114, 2468
7854, 1709
2848, 9310
1229, 2657
4857, 4913
5971, 9661
1615, 9589
7118, 512
96, 5834
646, 9301
300, 6585
9267, 7293
3700, 6005
1657, 4906
1774, 5332
3966, 6314
6341, 5012
6908, 878
9053, 6556
9057, 4230
6037, 4080
4131, 8508
5893, 4112
2882, 5481
3847, 5150
1062, 8791
4178, 2682
695, 9765
2945, 2587
7420, 352
5474, 5836
6395, 1060
1722, 1441
6190, 207
5733, 901
6295, 8798
636, 6706
2154, 3447
224, 8683
4553, 5057
7442, 2697
6813, 4724
5733, 5424
927, 313
5563, 7886
2903, 4605
1355, 1600
6492, 216
9668, 1104
6650, 9636
3020, 9614
482, 924
1970, 9242
139, 3698
8705, 1868
6310, 7709
8053, 4432
1311, 4254
2648, 7233
6559, 13
2917, 993
3455, 3925
3886, 5458
6759, 7336
9785, 4340
4068, 3024
7285, 2059
6311, 3956
9418, 1084
1146, 4467
7695, 4197
3487, 8255
4421, 3190
4865, 2441
1504, 272
8491, 1238
4437, 4472
6359, 5227
9455, 8087
3406, 1498
9516, 6481
5806, 488
1397, 9201
587, 6858
9978, 7453
5100, 5884
2683, 4043
4438, 9661
2196, 6464
8054, 1898
9232, 5712
391, 2342
8414, 344
3427, 9027
1425, 1459
7574, 9296
1937, 7372
5198, 8863
5663, 3553
6815, 2402
1061, 6705
9172, 7921
7804, 274
3856, 3466
4231, 8721
3394, 405
77, 3543
8646, 2867
5908, 7076
1927, 211
9673, 9994
9027, 9920
8588, 3769
3368, 1051
727, 2482
2458, 3696
3791, 4283
2006, 4551
1796, 1070
4064, 6778
467, 4686
1833, 6558
698, 151
6701, 6096
3355, 7648
2152, 4365
8314, 5952
9561, 9581
9040, 9962
9374, 7134
7634, 5591
7567, 5721
3900, 2991
1847, 2930
2007, 5875
4236, 1425
1818, 4586
7536, 7160
7948, 2933
4528, 8481
8279, 8497
3321, 5590
6968, 3465
3483, 7260
6451, 3046
630, 6140
2420, 9108
5953, 9791
5008, 2481
2025, 3590
6618, 4325
2998, 9796
4481, 361
7498, 1704
3031, 8901
9650, 202
7228, 4938
5999, 2449
7513, 5993
510, 3327
664, 990
8931, 6874
704, 4364
8005, 6552
1263, 8838
8594, 4838
1376, 1144
4371, 9189
8365, 9248
395, 3058
7390, 1260
729, 3280
5998, 9488
6620, 9171
6254, 9588
4790, 7724
947, 5368
8521, 3036
1275, 8677
6719, 263
8717, 9730
1670, 6279
782, 8831
8983, 970
4992, 1970
2023, 6185
389, 8219
8919, 3781
2081, 2886
9478, 1344
6062, 8637
4583, 1141
9112, 8647
717, 7414
4264, 3153
7266, 544
5247, 9528
1623, 4781
3912, 2800
7670, 2821
352, 9251
3619, 2258
3441, 5193
8273, 5919
7513, 3425
8801, 9563
3914, 4842
1716, 6448
8491, 8960
8674, 363
3852, 9126
8963, 1768
6375, 3772
7227, 379
2801, 6877
3059, 5804
7343, 3752
2306, 5264
8502, 2873
4731, 4017
9483, 2756
2063, 5690
2057, 4893
9811, 9600
3424, 262
6140, 2768
9898, 694
1463, 1921
3290, 6306
2165, 166
9118, 5035
6371, 4515
7635, 6805
5240, 5768
1127, 8687
5096, 2719
4041, 8115
1638, 830
1869, 4219
2278, 794
9067, 910
8927, 5176
2471, 4134
7248, 7105
5948, 6575
8218, 5761
7042, 7951
4778, 5692
7710, 2332
7642, 4590
4504, 494
9197, 1293
6632, 7379
249, 2158
5930, 2952
9218, 2400
3473, 4923
4960, 6824
4359, 1402
9986, 2794
2833, 6071
332, 1474
4433, 3083
460, 748
7030, 979
7483, 6214
3327, 6364
5550, 6431
2076, 3239
300, 636
9029, 7145
9370, 1607
5652, 8833
8930, 9076
9997, 1574
6483, 9922
4862, 5757
2833, 9562
9265, 532
5629, 4168
3086, 5198
1103, 1299
4989, 9419
4927, 1594
4202, 9395
660, 1228
2897, 4912
148, 788
3897, 6885
8106, 9568
4397, 30
4613, 4076
6069, 5477
476, 5504
1635, 3230
5600, 3939
6809, 9824
7370, 9866
6169, 8641
5412, 3216
5748, 1276
2724, 4836
8131, 1473
962, 1754
1028, 6154
1114, 1711
6476, 2742
9197, 6685
4667, 7860
2274, 6582
6590, 8445
2426, 2320
6637, 7389
8305, 8862
2132, 3920
2784, 2519
7919, 2294
2176, 950
7007, 882
7209, 9373
6377, 4613
1400, 438
8862, 9249
5871, 7559
69, 8797
3814, 8593
5091, 3621
4687, 8774
7517, 4330
5415, 8772
9669, 5181
7801, 2290
7504, 7587
1788, 5686
1720, 1238
381, 3793
9981, 9241
9063, 7768
3046, 8037
3710, 4960
277, 4308
8828, 8836
393, 6233
4323, 2278
1277, 2746
7089, 2720
9917, 3052
9617, 5749
4585, 2234
3565, 9594
9874, 1185
5185, 2842
7282, 9658
1148, 6378
2648, 1540
3968, 3242
6064, 7502
6424, 5204
9042, 3391
5849, 3925
1937, 7778
8049, 965
4003, 1841
4476, 5669
3232, 5996
166, 2723
5395, 6118
91, 9389
1453, 9101
8425, 4064
1337, 8020
5927, 7211
1995, 3806
8511, 5205
3506, 4633
3558, 792
5084, 2293
3517, 600
6681, 4880
7712, 3940
8183, 7263
7435, 296
2092, 395
2045, 2652
6227, 1045
6036, 3373
5085, 7655
1448, 6758
2344, 2649
8292, 3915
7678, 8941
1230, 3729
7732, 3415
5432, 6173
8323, 7708
5471, 4104
9236, 2455
5265, 8331
6435, 2770
3804, 1517
1750, 5751
9809, 7542
967, 4562
279, 8207
221, 114
9083, 3625
3993, 477
6053, 1846
3052, 141
8791, 7271
7622, 8091
3534, 8659
5961, 2854
2395, 9185
1900, 4192
2731, 3811
2843, 6102
4546, 9023
9356, 8569
9591, 5003
3469, 6286
6777, 8772
8840, 3006
7759, 906
5592, 90
6524, 2444
6150, 5760
1265, 9595
2012, 7859
7661, 9502
762, 8009
3024, 2994
3927, 7142
4349, 6891
8063, 7376
2397, 9692
2827, 1680
864, 2559
6063, 340
3039, 8417
8796, 9107
717, 1149
1062, 1694
9004, 4515
3535, 3759
5179, 8197
8418, 6993
3997, 686
7164, 1132
1381, 1439
7301, 1179
1133, 6200
2285, 2012
1942, 9807
7681, 7347
4106, 8176
44, 1755
4253, 33
8714, 3483
9650, 7744
1512, 4480
4218, 6043
5143, 3724
9095, 5916
2816, 7243
9247, 6831
8225, 1454
8235, 9618
9925, 7591
1167, 3256
130, 511
8068, 5961
2716, 3847
9745, 2762
5479, 7513
2873, 8916
7386, 5962
9229, 9620
9438, 8734
18, 9134
4565, 424
6701, 7166
6072, 2077
9307, 7357
8265, 1860
3741, 1629
4887, 7292
1393, 98
2128, 3161
6060, 4316
1233, 9005
1619, 2901
8152, 5199
2936, 7939
3275, 9179
8865, 250
9889, 5846
7861, 2497
1341, 4604
5856, 8640
4956, 919
2342, 6563
6500, 9630
468, 3293
3772, 1128
2258, 9533
2059, 8059
6660, 9909
6376, 3062
400, 1549
5536, 7159
8106, 9667
7975, 6985
1674, 5548
7461, 5070
7920, 4396
6754, 1381
5518, 6702
412, 4360
211, 3808
5684, 8357
5351, 4335
6314, 2599
8162, 6938
7085, 8928
600, 6197
3460, 6805
8559, 7805
5514, 7526
1665, 146
1908, 2121
9084, 6582
206, 8258
3447, 2545
7252, 1424
5936, 7902
9341, 4662
2896, 6886
6385, 8149
9615, 1287
9595, 6403
3716, 8848
3337, 4539
3445, 6812
3696, 545
7645, 360
8269, 3135
7627, 3187
6422, 2000
8423, 5761
1631, 9928
447, 3500
6441, 1039
224, 6583
3812, 1929
5281, 2576
6085, 6259
2152, 8386
4627, 2683
4912, 3460
6588, 572
5810, 4178
7428, 1557
176, 9942
6205, 6645
2001, 9122
4450, 3766
9110, 1356
701, 8147
1563, 4038
4569, 4599
4585, 7786
5233, 579
5497, 431
8743, 4491
275, 1402
9089, 9293
1748, 7763
8622, 463
5950, 7858
5751, 629
393, 1031
9840, 6972
4599, 8516
4589, 9334
8630, 9847
6066, 2674
2606, 9383
706, 4007
9226, 5898
4073, 6045
2627, 1088
6965, 5064
3720, 7904
559, 2865
9882, 990
8120, 1411
7476, 677
6558, 7695
3288, 6438
1070, 157
7572, 3277
6771, 1424
7635, 125
9308, 7140
3695, 3800
140, 8758
6564, 1756
7515, 8768
6961, 8813
2410, 831
8200, 955
548, 6547
6037, 7648
3887, 963
3067, 8712
5698, 7979
7977, 9053
6865, 7363
235, 7166
6691, 6205
6877, 6716
4357, 5098
4634, 7425
2327, 8089
19, 8749
7572, 6877
8300, 7102
5087, 2090
9344, 5003
5768, 5596
5636, 7085
8318, 9828
2937, 5691
4207, 2304
8443, 2976
5419, 166
6439, 6043
7095, 7613
1609, 2259
541, 3528
5891, 7477
3776, 527
4729, 6268
4013, 7435
2841, 6811
6605, 734
2937, 3433
2407, 8573
7529, 9226
1218, 7820
7287, 2854
5192, 596
8401, 857
6518, 3891
8660, 3462
7025, 8240
9651, 2601
5842, 1737
2164, 6279
1266, 5739
3333, 5492
9889, 5693
5212, 993
9423, 874
2940, 5919
8141, 7609
8914, 9125
7182, 9914
2303, 1961
2680, 9408
6177, 1903
3767, 3397
9945, 6732
8432, 3950
2737, 4469
5138, 7133
183, 5385
4856, 7549
8754, 9639
811, 3581
4422, 9277
6149, 9468
2450, 4767
9713, 3213
3894, 2256
558, 2663
1073, 7440
3474, 9948
3449, 8131
2379, 2260
4820, 6409
7809, 2917
1299, 1663
3255, 4753
7167, 8673
1360, 29
8539, 650
6958, 1385
4585, 6426
7925, 4800
1625, 6882
3999, 8206
6395, 7391
4504, 8729
357, 9345
9274, 2957
5345, 471
7075, 3496
8302, 4521
6850, 9551
9479, 9058
5744, 8411
592, 7784
8635, 8308
4364, 5912
1262, 2104
8780, 2387
2364, 4647
6226, 6175
9884, 3326
9203, 7563
6782, 7375
1691, 852
332, 7289
9307, 8717
7740, 4409
3533, 5998
5489, 7357
6872, 1547
7793, 6561
1407, 5679
4001, 3224
8595, 262
8092, 1512
3961, 8916
6723, 2114
2823, 8501
2222, 7932
9815, 7234
7232, 7037
3598, 1084
7657, 8197
1894, 7193
6278, 8998
3319, 4136
9987, 1635
7509, 5490
9008, 4676
7715, 319
8721, 3779
4821, 1762
6063, 3158
7171, 4579
3356, 9417
8425, 3991
8116, 9783
5675, 5293
5486, 1093
5606, 6023
8514, 4763
5490, 979
9077, 7408
7092, 9413
5488, 1841
3455, 6676
8879, 7965
906, 6030
2309, 2768
7645, 5816
4604, 3418
6565, 8597
8410, 4251
3079, 5394
4703, 3582
3169, 9596
6475, 1247
7628, 8719
8444, 8602
8190, 1309
9957, 9602
3179, 871
523, 5082
4140, 6490
2025, 6915
8376, 2313
483, 9747
8190, 530
7047, 1902
6293, 4848
4447, 6068
2907, 653
5987, 7175
217, 418
7644, 2919
4311, 6988
9444, 5691
7356, 3948
296, 8654
2574, 1596
8783, 8180
5256, 9321
9988, 1960
6506, 4913
1663, 2676
8777, 5290
5107, 811
551, 1757
832, 7606
1357, 8717
7144, 5465
6709, 2168
7791, 3281
1205, 137
5147, 7853
117, 5959
8331, 6390
3826, 8621
9972, 3517
8939, 9223
647, 767
2728, 7942
238, 2599
4682, 1456
4965, 9232
1085, 5287
6741, 3797
3867, 8852
2427, 9112
1786, 5968
2360, 2987
5973, 4895
2386, 318
889, 1417
8519, 6149
5525, 3110
81, 4149
4021, 7589
9349, 2684
3864, 8138
9686, 6570
3980, 6466
294, 8911
588, 5748
3421, 1682
8144, 9109
7842, 1516
3858, 6632
166, 2127
49, 7664
1904, 4406
638, 1156
7539, 2362
4772, 6382
5259, 509
8805, 2335
5814, 2887
255, 595
4016, 4955
5117, 3468
2871, 1334
1609, 3582
6125, 2771
928, 5638
3020, 8285
5566, 8679
3444, 8754
5416, 5091
1711, 753
1433, 6675
6789, 9648
3508, 6595
2699, 8380
7960, 1549
1207, 3133
7745, 2816
6591, 2277
3627, 93
383, 2390
9186, 2669
6792, 1469
6485, 7938
5798, 9327
8953, 4489
5242, 2990
377, 5449
6966, 8823
6986, 7579
2104, 6732
717, 7605
5005, 4329
1918, 9749
2599, 6517
906, 7350
9689, 8967
8493, 7010
9167, 9874
3545, 5285
5162, 9295
4770, 3273
2457, 9078
8327, 483
4803, 1608
6539, 5594
5281, 6219
337, 6511
3945, 1331
9654, 6941
7317, 3242
2808, 2142
3473, 2316
2869, 1656
9219, 1985
6494, 7443
9990, 9575
3354, 1863
4878, 2588
4615, 8102
8816, 9445
3611, 3
9642, 14
3209, 2238
8349, 5311
286, 5806
8443, 6582
6891, 4857
1451, 3943
2990, 3395
9242, 9693
6889, 992
9579, 5179
4436, 5272
1647, 7044
7469, 4566
5184, 9699
9198, 9500
247, 216
6855, 8887
3997, 6368
9050, 5931
6607, 3440
3030, 2955
5338, 893
219, 8663
2422, 3226
221, 6242
4624, 3711
9923, 6830
6783, 7875
1310, 1735
4823, 7030
7367, 9881
6428, 1086
1329, 5326
9342, 5628
7102, 5912
6403, 4009
286, 4343
4163, 7346
7649, 3352
93, 4429
3790, 5451
8438, 8215
6588, 6799
1345, 3516
6061, 9900
8746, 4386
1163, 2220
6877, 6819
8890, 9686
7284, 2341
446, 665
9725, 8039
1413, 5186
8649, 7690
6324, 1098
3889, 7386
2832, 9935
148, 8647
339, 4974
3387, 4788
303, 9609
573, 843
4606, 4906
8926, 7707
7575, 132
2386, 1600
8653, 4722
3200, 1902
4705, 192
1905, 9241
3064, 1874
3832, 9971
7800, 9892
1387, 3923
8364, 6286
96, 4366
4678, 1476
4499, 4597
7204, 664
3587, 8139
8587, 7244
4413, 7057
480, 5656
3199, 5856
7942, 3812
6479, 3603
9825, 7299
4964, 9230
1913, 7564
7538, 7182
154, 5814
1251, 6287
6312, 1327
3249, 7396
8208, 1897
7488, 5559
5690, 8081
9064, 605
1163, 9710
8736, 2260
5206, 9331
2310, 4155
3714, 4368
4507, 6735
8791, 7723
9899, 9870
50, 9607
4058, 8378
1720, 4286
538, 7644
551, 1969
7865, 8689
6664, 1992
1511, 9894
3905, 520
9094, 9371
4871, 1568
5514, 1239
432, 4143
6623, 6825
6711, 6903
8618, 5381
5960, 1158
3880, 2835
7083, 6903
2578, 3184
1005, 6692
802, 9423
2170, 6213
7952, 4448
8456, 5322
1237, 5163
6796, 6656
8064, 4282
5535, 5204
3110, 7664
6715, 5346
5748, 7753
2304, 7464
2577, 1487
5124, 3740
8687, 998
838, 4326
6176, 7493
9379, 1323
900, 689
3058, 1544
5600, 9432
7994, 2599
7483, 1751
7363, 6529
3587, 1400
4521, 5136
1757, 4636
8189, 8832
1928, 9329
1367, 945
9986, 6448
1878, 2267
5845, 3526
9495, 9327
4394, 3660
6068, 5478
1533, 6981
211, 1497
8256, 9811
9680, 6219
7018, 9031
6277, 919
2168, 1667
757, 993
5603, 4510
392, 764
1810, 2275
3888, 3192
3958, 7462
3563, 1589
8211, 6725
4721, 4040
9487, 7094
573, 5257
4195, 6098
9497, 2215
8270, 6254
2705, 8681
4009, 50
1050, 6498
3381, 1993
5244, 3967
2305, 9843
1001, 6816
5095, 890
6754, 2912
4022, 5391
5327, 5907
9082, 5968
2251, 1212
9815, 1257
5555, 8040
2229, 259
5219, 650
1445, 9309
1409, 4628
1218, 5558
6837, 6750
5683, 9189
6885, 8534
2765, 2037
0, 6549
3125, 8848
6016, 7498
2162, 4614
6434, 5685
785, 4650
2930, 5010
9426, 3033
6895, 5679
1344, 4200
9853, 9916
6398, 6186
5578, 4735
7213, 2267
5064, 9088
1018, 5499
8345, 5224
4356, 9530
4697, 6577
8075, 5948
677, 297
2564, 1610
7353, 4057
4633, 5605
2583, 2092
6957, 6663
2468, 6223
5693, 1480
5676, 9540
1778, 7705
934, 162
4787, 2865
2994, 380
2776, 2978
1198, 4348
3945, 1943
6664, 6092
2580, 2028
6606, 3201
4270, 1514
241, 7653
1665, 2878
5480, 2239
8611, 5124
9921, 4353
3367, 9701
9746, 5598
4157, 778
8190, 2982
9204, 5724
2035, 5039
3520, 4554
1775, 2289
7895, 3190
3379, 2623
6773, 2157
8816, 1309
5295, 896
6158, 802
1892, 8323
7148, 1131
6368, 178
1697, 4905
58, 5435
977, 9705
2557, 5356
5723, 9647
8308, 6714
2639, 3806
8286, 2187
7101, 1861
2594, 6769
5336, 2873
5100, 6083
6234, 443
1796, 1273
7329, 5846
4016, 4276
3111, 5080
3088, 8039
1199, 8922
8439, 374
3291, 8798
7289, 618
4379, 5156
5648, 2574
8992, 5561
1881, 1578
1390, 3532
5659, 7001
495, 4398
6695, 137
3141, 902
2427, 8974
8248, 8366
4561, 4931
7085, 7485
8645, 9518
6759, 1666
675, 3503
1847, 4074
7854, 9669
7023, 3102
4366, 6301
9749, 3484
5201, 5592
9667, 9152
5698, 5127
7258, 7358
1654, 4229
8151, 9279
5283, 5026
5662, 7430
5163, 4536
6467, 3182
8727, 4236
2904, 2322
959, 7378
4111, 5832
8821, 8045
1201, 6618
977, 9682
4808, 5027
6631, 8552
6135, 9731
7861, 1838
3769, 9327
2904, 9224
2406, 5112
7790, 5128
834, 694
8135, 2933
3680, 944
6549, 7323
7973, 4667
1074, 2558
3414, 701
5520, 8716
3427, 6189
9115, 5727
3149, 5321
3467, 2091
9762, 9234
646, 9834
2890, 5800
5426, 7329
378, 6478
4408, 7743
8597, 8938
6612, 1250
7042, 5163
4297, 9109
2713, 7175
7361, 6410
2391, 112
6178, 3280
946, 451
8285, 1937
5286, 621
959, 1019
1085, 9881
9914, 1369
8877, 5914
6414, 4525
7899, 4594
9105, 7628
6173, 8493
8798, 134
6941, 3757
873, 8512
9850, 7282
6369, 1136
7737, 7718
7806, 932
1816, 2482
553, 8448
483, 7104
5451, 2018
1376, 3279
2334, 3955
756, 2028
5359, 7885
4744, 8948
7733, 8163
6775, 2194
2460, 3842
2318, 5766
6170, 3650
8198, 3797
6130, 4104
2542, 1719
4007, 9020
928, 8913
6072, 305
278, 6975
5066, 4918
6838, 2270
7507, 4937
5497, 8291
7730, 3747
6233, 3276
9389, 4900
3224, 3441
4802, 3611
9278, 9077
1455, 5313
7850, 2927
7805, 3315
4745, 9632
9526, 3947
3813, 6848
7159, 4506
740, 2234
8561, 4196
8482, 5696
1786, 7127
8937, 4300
7680, 9049
4044, 9557
6622, 9038
595, 4330
6199, 9411
7793, 478
4846, 2842
5745, 6688
9224, 7506
5167, 7285
8970, 5249
291, 4612
6972, 4977
6679, 878
8015, 2677
6266, 3801
58, 8455
2430, 8424
368, 959
6923, 24
638, 306
774, 6216
3840, 4468
5773, 1574
9875, 1147
1417, 642
2565, 8018
1366, 6594
4921, 742
3086, 7410
6214, 1681
3153, 613
7423, 5056
5505, 8908
605, 1283
8218, 7266
233, 1473
3679, 2146
2822, 6006
479, 1605
6730, 9114
3943, 1868
4397, 8494
5761, 6662
955, 1621
8521, 5582
2852, 6925
240, 1829
2146, 650
154, 9703
8714, 2589
1474, 5036
3755, 2374
9982, 6030
1332, 2627
8045, 9586
146, 5043
5932, 9797
3719, 5675
1800, 1300
8246, 4836
4557, 856
7515, 6592
8269, 7116
9480, 5655
8605, 284
1609, 2482
265, 812
2409, 7315
9432, 8338
3758, 8079
9018, 2641
3887, 6057
1374, 8835
581, 429
1647, 9650
2607, 6453
4462, 6451
2512, 4411
2476, 975
9028, 2172
2766, 7759
6240, 6341
4339, 4772
566, 3869
6529, 6689
2408, 6735
9099, 4357
3332, 1938
8431, 824
3357, 4054
8779, 5362
9770, 7390
2912, 5170
5560, 4660
9087, 6642
9739, 4653
4672, 3877
8289, 43
5826, 2937
3031, 6441
7868, 8815
806, 6790
3858, 8675
7301, 2945
7012, 4602
6658, 685
4736, 8296
7962, 1825
9127, 7132
3861, 4367
8444, 4536
368, 1342
9465, 6160
9362, 3655
5644, 7406
5808, 3033
6527, 4912
5772, 649
9237, 6399
1671, 5545
3424, 7628
8775, 9683
624, 7881
5028, 547
9718, 2258
5869, 6575
4550, 5878
4408, 6979
6235, 5558
9190, 9949
5556, 2824
436, 3522
5180, 392
5262, 1051
3031, 2380
6606, 7743
4761, 8003
4114, 7294
4257, 6313
9212, 5896
7666, 2201
2546, 7304
5842, 8960
1430, 8848
6811, 2681
3744, 930
430, 5483
1143, 9368
2744, 6955
8512, 3440
3917, 9919
4637, 1240
6593, 321
5142, 4642
2982, 6252
4356, 4468
8303, 3510
7258, 8030
1570, 7065
9247, 3401
7948, 3391
6486, 5529
2511, 3114
975, 1998
9751, 4190
7478, 9485
7946, 7724
6952, 7910
8765, 1915
150, 2274
8499, 4581
3363, 9402
1424, 9275
8807, 9287
8332, 4454
5190, 8801
516, 2972
3627, 982
8586, 970
7901, 8170
764, 2196
3284, 6965
2450, 3958
533, 7582
6129, 5766
664, 2946
3724, 6201
7003, 3264
9467, 3790
6751, 4116
6932, 2235
3616, 4398
7493, 4114
4418, 3358
1059, 2239
2743, 1295
4716, 1905
4910, 685
7545, 5682
1605, 132
7504, 8261
3711, 9878
694, 1179
9104, 2393
5458, 7570
7029, 2779
5612, 4875
5360, 6242
1796, 7142
3697, 2709
8271, 2044
4369, 5968
3227, 2089
7352, 1640
2212, 8084
8190, 5228
8640, 7276
7263, 7027
8756, 1809
1687, 8072
5274, 2683
3644, 1903
6458, 379
8827, 9411
7381, 4173
6619, 205
9536, 2134
2926, 3187
7661, 2048
7558, 6267
8918, 863
9908, 7338
1507, 7807
7963, 1181
3803, 5036
5523, 1059
7782, 8318
6074, 9221
9921, 1103
8437, 4611
2875, 3498
244, 3421
2268, 3617
9539, 2282
1462, 9227
1596, 8536
7411, 3592
394, 2033
5022, 8866
4729, 535
494, 2787
8889, 7516
236, 9485
9890, 3008
629, 4458
1185, 7943
7675, 8976
16, 3590
1927, 5104
3219, 7194
409, 8044
1487, 7542
576, 5395
757, 9319
8324, 1578
1804, 9685
928, 7784
9853, 888
3310, 9614
5128, 3332
4283, 9921
9491, 5891
5977, 1413
387, 1150
9587, 6888
4931, 8648
7083, 7177
5025, 4278
6880, 2787
9160, 2847
75, 7594
520, 2044
5496, 9968
4994, 7195
4225, 740
4095, 1654
1926, 7560
2289, 5227
9625, 9405
1281, 6776
454, 653
7238, 4182
3376, 3589
3383, 9454
5703, 9133
3336, 8860
309, 3301
3217, 6783
9223, 9230
717, 6137
1273, 419
2333, 1290
8138, 4754
2396, 8147
5247, 6890
9518, 697
2691, 8866
5569, 5033
2620, 4068
4662, 7666
1961, 6596
9225, 8323
1959, 1521
7627, 8738
8419, 7111
3697, 8326
8186, 3407
7381, 5410
3084, 9972
5658, 7855
3854, 3698
7966, 9396
3679, 6876
8712, 8165
707, 9866
4960, 8133
5499, 6318
6062, 4185
5877, 1825
2602, 954
3887, 95
4051, 4806
2743, 60
6923, 8612
110, 17
2847, 195
268, 8199
2357, 5054
5517, 2927
4574, 2445
8584, 9787
5530, 5451
6128, 141
3259, 7360
6339, 1994
2418, 3834
5119, 6458
9270, 813
1573, 7870
7443, 4132
9094, 8110
6974, 322
1227, 383
6775, 1562
6321, 1822
7879, 791
7392, 8140
8393, 2185
4252, 8549
6309, 5965
3700, 9854
663, 4231
2136, 2955
6414, 4527
9064, 9466
8737, 9221
7224, 847
2300, 9074
5215, 3261
2216, 7740
3343, 9214
5016, 9286
6863, 1263
6959, 5378
5507, 5819
8128, 9620
1309, 8019
3517, 3844
2893, 470
1553, 1007
3540, 6579
697, 3467
9990, 584
764, 7077
9214, 9285
172, 4425
6475, 7650
693, 7677
7176, 1498
786, 187
9914, 4083
367, 8889
2146, 5483
4504, 390
9026, 3153
5441, 8419
2013, 6956
1359, 683
2326, 3868
931, 6672
7034, 4283
4823, 9700
8170, 6080
7281, 8610
8673, 672
1556, 6487
452, 7185
9222, 8847
7015, 9420
6877, 1472
940, 9214
8338, 1197
5846, 8876
5463, 4680
2780, 3536
3412, 6296
6472, 5332
3773, 3410
4559, 2874
1504, 2007
2316, 213
6843, 1914
7349, 7224
4042, 492
4351, 2761
3694, 1478
414, 5218
8489, 6450
1348, 4132
4277, 4967
2298, 8743
7044, 2543
9932, 7091
7522, 758
5823, 9604
1799, 8065
9774, 1598
6986, 329
9650, 8189
3007, 9923
6048, 5750
128, 4701
1484, 1216
5833, 7302
1275, 9577
5933, 6331
6998, 5830
8839, 7402
2794, 443
1947, 4245
5868, 7395
4090, 6340
5195, 8013
1508, 1431
8974, 9443
9848, 9959
6780, 5048
9943, 7832
6138, 1949
5047, 5822
6798, 8896
5139, 8344
4595, 4417
5504, 5997
9030, 9346
8570, 1985
5852, 5915
7292, 1684
246, 4472
2303, 5800
685, 2655
6826, 1294
5704, 6801
6775, 6923
7469, 1725
8279, 2892
5667, 3867
6235, 515
2117, 1628
4275, 316
915, 6459
8916, 721
7827, 2112
1698, 741
2613, 1969
5406, 8257
8883, 6005
1320, 9722
8823, 9159
6885, 4539
8455, 8067
9915, 9556
140, 2224
1034, 2079
4577, 5194
8021, 5338
2214, 2523
46, 9798
8707, 773
3567, 8939
586, 9150
6020, 5830
7045, 1705
1511, 2912
2095, 5917
9539, 2444
95, 2692
234, 588
8158, 7698
4466, 8129
330, 7392
8714, 6557
3827, 9796
9834, 1606
3426, 3887
7064, 4522
8282, 5186
8359, 6746
7078, 3502
3786, 5140
4130, 1495
6039, 8817
4214, 3012
1894, 4247
6301, 3957
7032, 4156
9284, 4209
4357, 6248
2781, 5723
8845, 9333
9219, 8177
640, 4710
4248, 1233
618, 4033
4027, 8568
4774, 7786
4229, 6105
8259, 1134
1042, 1910
8964, 3321
4092, 8973
3040, 9636
6723, 8994
9562, 3966
6522, 661
9116, 2118
7467, 9680
1580, 1730
6234, 3920
5713, 5551
7302, 7357
6862, 4278
2844, 2247
3004, 5463
4294, 879
7031, 9525
7265, 447
4831, 6382
236, 2279
2542, 8373
6764, 7589
9657, 5773
8300, 2720
8768, 9220
5570, 7409
671, 3225
1213, 4319
8343, 796
9002, 9638
2359, 5761
5478, 2114
1251, 9313
7086, 5310
5495, 7693
6594, 5139
8325, 7871
5128, 6831
9690, 7119
1948, 4292
783, 1070
7845, 8442
1914, 6947
4851, 3891
693, 1296
293, 9576
8902, 4304
9367, 5989
1838, 5743
9464, 5821
8526, 2406
2681, 491
3794, 6353
1985, 7351
1425, 7663
6494, 18
4925, 4421
2247, 5358
7301, 256
4797, 3564
7770, 3013
6159, 5043
2335, 3878
572, 4650
5721, 5284
7410, 8802
5014, 7852
6502, 1699
26, 9391
2365, 1986
452, 1713
3191, 3611
4399, 8622
4363, 5633
7716, 7172
7181, 3295
1213, 8865
109, 3882
9205, 1114
4809, 8293
1067, 7156
1394, 4160
7780, 4883
6572, 6286
9968, 2829
1678, 5858
7557, 186
5610, 2646
9128, 4811
2375, 4567
1771, 8099
9049, 112
448, 454
6994, 7713
3099, 1565
3154, 9451
4309, 9491
9530, 5611
3053, 8416
703, 6961
4361, 6543
8377, 365
6394, 6269
9867, 4997
8253, 5937
7517, 4372
4638, 3107
2596, 4466
5384, 9738
7444, 2044
8887, 4997
4636, 6176
3694, 7781
6479, 6232
2723, 726
5747, 3280
9352, 4937
898, 6693
8806, 1119
5038, 4285
6386, 8340
6994, 4413
1761, 8053
6003, 6378
3592, 2111
5605, 5887
9179, 6198
4522, 8776
871, 4046
4069, 9849
8748, 2154
7677, 1439
6002, 4495
2605, 9632
5180, 5187
3832, 6945
7898, 9176
2105, 7252
1288, 2559
1737, 7916
3812, 2874
7562, 7039
5789, 3027
4592, 3686
1575, 1810
6032, 7140
5291, 2799
9920, 2001
1482, 3604
77, 9842
9762, 8638
8860, 9238
9434, 0
3416, 4095
439, 2708
7802, 9931
433, 9583
359, 4975
5296, 8368
7219, 8063
832, 2613
819, 396
3955, 3385
8384, 346
1221, 2958
1975, 8301
5451, 7395
7278, 8592
2341, 4434
3841, 7793
595, 2761
7274, 2428
4163, 9538
7231, 2242
4888, 6609
1558, 8806
9958, 7642
6771, 293
8650, 2525
1090, 5055
1927, 111
9615, 4630
4507, 7334
4802, 2050
3328, 3616
9593, 2542
7262, 8081
4558, 3779
4621, 8695
7912, 7118
9736, 4715
8013, 545
3502, 3479
7124, 1203
9891, 3278
5432, 9828
5427, 3677
7177, 3122
630, 2348
6205, 8369
6798, 1408
2820, 5738
5117, 8832
8041, 1683
3716, 2066
5140, 9223
646, 3490
7516, 6161
2556, 8366
8314, 3226
7665, 4225
9112, 1581
9869, 9914
3497, 7108
5871, 3256
6002, 8849
948, 7252
214, 4634
7924, 7595
8527, 6625
2699, 9191
2728, 47
4053, 8841
1912, 877
4371, 3669
7176, 8047
6698, 7945
8694, 317
6202, 2475
914, 8335
3644, 9647
341, 5461
949, 6082
8722, 9744
7991, 5045
6901, 6257
5543, 4617
1464, 9275
5945, 2292
9028, 1575
5639, 6670
6980, 4341
2849, 6843
5476, 6937
5662, 1028
3817, 5625
4672, 4452
9899, 7842
4006, 6828
4653, 4818
1579, 4147
7438, 5798
8571, 878
6695, 4944
3670, 4200
9796, 6980
189, 3022
9520, 7951
154, 2730
2648, 933
5372, 5737
4242, 3942
6207, 3211
9383, 1100
6218, 9735
7867, 5443
66, 4168
2238, 309
188, 9176
106, 8577
1664, 4456
3836, 5783
2233, 8905
640, 4195
9000, 6458
6102, 7092
9289, 6030
3521, 7336
9853, 9721
877, 3430
1190, 2407
9488, 7863
5313, 9561
5897, 3921
6862, 2445
2229, 2402
3995, 9544
7777, 7381
6734, 2707
5466, 5060
2113, 6720
9232, 1963
9272, 8871
2873, 4069
2526, 6369
9202, 4549
3149, 5344
9295, 9010
781, 3257
8468, 2704
2723, 3535
2796, 8711
9195, 8845
9462, 8930
8033, 64
7056, 8535
7336, 7135
9644, 2974
7853, 8616
5455, 191
5078, 9096
6520, 3932
4644, 8230
4622, 9704
9544, 4828
6898, 19
8258, 3891
5475, 4948
4612, 3642
3952, 9346
3829, 3012
3832, 942
801, 6155
4301, 9200
1822, 7316
1815, 8012
2297, 6913
4501, 817
511, 7468
943, 7054
1720, 9415
9351, 9985
5309, 7357
445, 1886
8330, 7268
9873, 2456
2831, 3314
5012, 8703
3248, 7961
5767, 7494
7756, 7425
581, 3023
2459, 7120
3837, 8470
5473, 3528
9383, 1911
3375, 8685
4231, 4364
6584, 1761
3119, 4823
7217, 8894
9583, 4392
466, 3680
1176, 1340
1321, 1580
5007, 7427
142, 9537
1613, 300
3536, 7658
3202, 4815
9902, 6828
2137, 1062
5667, 5522
5863, 7561
7016, 1043
8125, 9637
5117, 2797
366, 3656
6499, 7616
954, 4731
256, 7481
2568, 9020
7653, 7129
2498, 1127
3676, 3394
3690, 9217
1915, 9790
4123, 9761
6406, 5083
2986, 1404
4081, 3399
123, 5499
9874, 580
8624, 6490
3413, 2584
5660, 191
5065, 2259
9030, 4693
392, 8094
4809, 2741
1860, 2381
9976, 4544
3980, 5664
2415, 6411
1038, 8764
4852, 2616
4566, 6320
1901, 7981
1573, 1575
3355, 1155
349, 3674
9123, 4748
7704, 1743
8430, 1170
4217, 8674
9238, 4649
122, 6734
8849, 9168
8564, 4343
26, 3945
2269, 9943
6490, 5490
3948, 3060
3766, 7759
4888, 4187
6130, 2102
6862, 7883
8163, 2663
8273, 2320
8242, 6678
6156, 5274
4957, 9958
8787, 5497
7047, 4244
2888, 488
9488, 5933
3705, 4531
3327, 9005
326, 4230
5627, 3477
7248, 9315
489, 3992
2237, 671
960, 4482
8424, 8666
4920, 8918
3270, 7594
561, 7746
1251, 243
3888, 4449
9067, 3093
3348, 1405
373, 2337
7815, 2926
3801, 2585
496, 3860
7585, 3651
5013, 1965
7454, 2170
1613, 8291
7042, 2530
708, 4677
5162, 582
5719, 4080
143, 4415
7663, 2234
3362, 2915
8124, 8859
5956, 423
9878, 105
4872, 7538
5960, 9262
6176, 4112
2153, 3512
692, 2160
703, 2141
17, 7915
7768, 4808
4669, 7841
1571, 3269
201, 946
7769, 8372
3520, 4037
7050, 9805
444, 233
6657, 9521
984, 3797
5449, 9081
4255, 4158
8169, 3902
3859, 2805
6634, 6788
5818, 7322
8058, 3555
4899, 1841
4537, 339
3478, 911
9665, 8595
7930, 6001
8051, 9862
5552, 1033
4315, 6476
2220, 5959
3685, 9288
5668, 5584
4105, 9683
5360, 9213
8386, 8796
4337, 7090
6989, 537
5263, 2057
9949, 223
315, 330
9211, 3819
9347, 2778
1450, 1963
6916, 1742
2665, 811
5961, 8298
177, 2303
5457, 4090
9758, 3722
9167, 6939
2699, 4761
6939, 151
1894, 8848
8454, 9916
8018, 6286
1818, 3544
779, 9295
1248, 7843
1957, 8062
5691, 5529
3741, 6885
6098, 1331
6897, 1587
3323, 5856
3275, 8456
5795, 4485
8200, 1440
8842, 9774
6983, 4041
4651, 735
3277, 4739
5289, 3917
150, 8164
4164, 1506
6742, 4837
8939, 9040
7789, 4140
396, 9925
3992, 1142
4839, 1415
1860, 7969
400, 4621
2894, 6051
1891, 7882
2166, 9243
3842, 4343
3778, 5570
8442, 9099
5775, 1229
4772, 9737
4274, 8706
9415, 8039
3068, 9557
8762, 70
2396, 2574
6711, 5123
8110, 4504
2780, 5305
6017, 5192
5067, 848
1191, 2904
7265, 1622
1749, 3007
4819, 9160
6586, 191
2132, 1742
1821, 9435
2131, 496
3199, 707
2369, 9897
7167, 7053
4273, 2871
2988, 7586
1784, 8347
2309, 4866
1732, 3379
8108, 8212
7897, 4465
9546, 8975
6102, 9400
9116, 3582
4919, 1603
1946, 7651
5987, 578
3736, 7851
5445, 4769
1510, 4841
4904, 7159
8898, 6626
4347, 1448
525, 1829
36, 1767
4011, 3269
6304, 4348
3540, 1364
217, 8606
1159, 5085
9457, 2445
4975, 3518
283, 62
5341, 9473
8041, 6628
6804, 533
1791, 4055
5748, 5198
5270, 7988
975, 4293
173, 3473
7495, 2909
9306, 4187
4936, 6372
1743, 4702
8402, 1041
5911, 80
446, 3104
8063, 5258
6177, 9560
9585, 3876
1551, 2342
8220, 5756
2647, 5143
6224, 3699
4333, 3815
2917, 4996
7285, 4129
6699, 4354
9466, 9169
9995, 2317
3934, 3982
5405, 7280
8188, 6846
3523, 8522
3737, 1029
7874, 5398
8217, 9806
4897, 3146
5294, 4244
2794, 1225
5019, 317
3118, 6213
3991, 3028
7973, 4805
1437, 3233
1187, 7742
6145, 7927
7062, 369
7308, 3691
715, 6337
2120, 7244
3568, 5119
3463, 946
8756, 6660
9821, 9127
3323, 6970
5983, 61
7310, 1111
387, 2651
4511, 6647
9239, 1656
8250, 4741
1389, 1730
5030, 8198
2356, 9354
1851, 9171
4274, 3328
3646, 4465
9917, 1495
8440, 926
1513, 8085
3221, 1241
1435, 9450
8983, 1471
6349, 7882
1643, 7118
5194, 3464
9331, 3415
5033, 4992
4611, 7093
2678, 1073
5015, 6949
6987, 1110
369, 7953
2271, 4512
1137, 3932
1861, 82
1068, 6220
5717, 5432
7023, 6815
8535, 9348
9021, 2364
9707, 1926
5716, 9784
5382, 6504
3774, 881
4359, 115
5123, 9130
712, 82
7436, 6675
2224, 8433
2578, 8212
7541, 2721
3717, 1686
2814, 6331
2761, 3662
8519, 4382
8026, 3383
6926, 2327
6656, 4778
6938, 9020
957, 5133
6427, 1733
5236, 1222
9564, 231
9764, 5978
325, 910
2977, 8311
4333, 8295
8708, 7754
7421, 1975
2888, 4813
7408, 4283
9366, 7185
3878, 3742
5387, 436
2072, 9264
260, 9198
9510, 2745
1116, 494
7915, 7370
5052, 924
1378, 6619
3297, 411
5538, 5959
2988, 6189
3941, 5073
7346, 5122
678, 2289
2308, 8415
9241, 5566
6649, 1719
1892, 8746
6438, 553
7003, 9525
7904, 9061
5274, 78
9913, 1340
3099, 8973
3814, 5395
3575, 9286
9761, 3315
7977, 2955
1306, 7297
3278, 5954
9384, 2421
4633, 2637
5390, 5673
5539, 732
9064, 3424
447, 1595
7332, 4288
1532, 2105
4958, 6541
7267, 391
5844, 9476
7024, 7368
8120, 1505
6590, 7739
244, 5117
7515, 3074
1095, 8903
9323, 5103
8734, 6078
3384, 5338
8494, 6904
246, 6577
6237, 2914
4021, 1789
6336, 6133
1551, 940
6575, 6641
3426, 4688
5269, 8617
216, 3204
3700, 346
401, 3782
4197, 6073
4626, 1478
7372, 8264
6647, 1721
8042, 2869
1412, 2634
893, 1680
4937, 6814
3522, 3862
6532, 9314
8011, 286
480, 9268
7883, 4256
6058, 9274
5773, 7869
133, 1586
5397, 1743
4420, 4568
6574, 8493
100, 2845
5395, 6091
1004, 1322
7369, 732
7997, 9761
5321, 4981
7043, 6636
7260, 2208
7342, 2277
7951, 3849
5850, 6737
2421, 4649
7433, 6122
7820, 7628
883, 4215
6615, 9841
7540, 8298
9275, 4974
8020, 3350
4870, 7053
2500, 8042
3065, 1255
4947, 6127
806, 779
800, 9450
3156, 5082
5082, 6046
79, 9619
2515, 4849
6397, 5174
9060, 3049
5532, 2647
3050, 8739
8054, 145
2014, 2976
4150, 2677
8642, 3693
1077, 4750
934, 6797
2013, 9185
6955, 9621
9039, 6742
255, 3523
4735, 3613
8535, 4572
2509, 7296
2059, 2449
2239, 4179
570, 1229
8217, 714
8895, 2622
9999, 9160
1051, 1197
8929, 6703
466, 1804
3557, 7448
7778, 5755
1107, 1680
4893, 8950
8681, 7662
4439, 6495
9311, 8941
2363, 6227
7381, 9338
1833, 4300
5576, 8508
4506, 9635
1363, 490
9924, 2463
18, 7869
2264, 958
9442, 5316
8713, 6879
4261, 7598
9927, 682
5009, 7672
7017, 7453
2664, 1682
5674, 1827
2786, 3152
6378, 8371
6470, 922
4437, 9747
136, 5072
2272, 9830
3820, 2062
7423, 3433
2760, 9064
84, 4262
9336, 1122
4611, 6483
7899, 5583
9633, 4683
7339, 9956
730, 2758
1354, 6199
2641, 3335
8888, 4329
6210, 9042
288, 2382
5235, 1640
7042, 5765
8234, 5312
5868, 6344
7912, 6740
9793, 5122
6387, 5669
651, 567
7329, 7708
6941, 5797
4496, 4078
4609, 1829
9234, 3243
9105, 3518
8518, 7076
1201, 3286
8690, 1366
2233, 1877
8700, 295
6304, 4937
3816, 2044
7283, 9312
6828, 6021
6934, 4933
1455, 9173
8289, 5226
6031, 7233
7980, 3598
4594, 3573
5413, 4395
2021, 6749
6750, 3278
7088, 135
5284, 7652
3706, 7827
2297, 622
808, 6339
6419, 1393
9105, 8357
5998, 6429
6062, 9146
332, 2311
189, 7122
1981, 3556
8708, 9238
2905, 9893
834, 6274
5754, 9370
8833, 7389
6615, 1348
808, 5318
6843, 1404
5469, 7181
4901, 537
2472, 1419
3816, 8769
7474, 2958
5762, 4752
7420, 6629
8297, 2526
8620, 7077
3585, 7376
994, 2358
6555, 8829
2186, 2237
2328, 2139
9866, 630
7723, 2869
2234, 9965
2716, 1404
5699, 6042
1016, 3288
6576, 2519
4454, 6328
5985, 3390
3653, 5933
7775, 5428
1872, 4784
1370, 2781
116, 4539
461, 8362
7144, 6027
5171, 6630
4203, 1792
4195, 632
5884, 5102
1863, 4357
4850, 9619
7787, 214
5836, 6277
6752, 5906
2227, 9623
1024, 5352
8395, 2744
731, 9371
3608, 1129
2000, 7849
30, 9609
5544, 6138
8864, 6959
7773, 914
8330, 4322
4920, 995
5259, 6568
9127, 6290
7801, 6474
2157, 1763
3032, 4064
1715, 3540
6342, 8126
8220, 244
6173, 8666
7543, 3038
2540, 7017
6797, 6246
6927, 262
7546, 3486
6410, 5294
5865, 6469
8613, 1194
600, 9757
7249, 7306
6811, 3575
3257, 4059
3372, 6989
6915, 8149
2544, 3388
4342, 2659
6964, 8237
8902, 2943
7702, 2078
6234, 2313
1312, 3313
2639, 6740
5968, 5408
8261, 2542
5555, 5484
2455, 6890
5103, 5009
1032, 6604
8992, 5591
313, 8640
4698, 4104
2215, 7847
8013, 5001
721, 3439
1975, 4390
3799, 4541
4483, 655
8302, 250
655, 3321
6400, 5480
5899, 1170
8144, 7087
1261, 69
5931, 856
7762, 1894
2842, 7444
2127, 2842
3188, 4778
5221, 790
8816, 6317
8227, 9443
8408, 7702
9989, 2155
8906, 1170
6827, 6307
8152, 938
4756, 2388
6975, 3803
7353, 8951
9012, 8002
4678, 7149
3338, 4678
1811, 552
4673, 9233
7169, 7546
4152, 9452
1471, 8
9923, 7815
364, 9946
1351, 9154
7047, 1202
3458, 6266
4739, 3734
5369, 4099
102, 4188
7769, 1358
416, 753
1134, 5304
2089, 7125
1538, 3487
1347, 4711
4269, 2210
1647, 1225
6266, 4868
9915, 591
4763, 6524
7289, 7722
1987, 220
139, 8171
5873, 6635
234, 9030
2508, 4609
9509, 5973
2378, 575
8006, 4645
8075, 5017
3601, 4753
8674, 7601
3703, 8666
9123, 3409
3543, 7584
2087, 4405
5203, 4687
4909, 4418
1088, 9784
220, 3511
6039, 9643
3987, 8383
6072, 5550
8033, 8015
3503, 3741
448, 3394
7871, 3134
8795, 9327
7402, 9359
849, 4147
5650, 1791
1842, 7617
2762, 6485
6182, 9315
5158, 6353
5277, 5451
1233, 5885
6945, 8746
8782, 6160
8215, 6620
8070, 4735
4965, 2735
5231, 3600
669, 4958
7869, 428
6439, 9326
3938, 2752
8734, 2868
7666, 8897
8800, 8640
8354, 57
2393, 2843
814, 9682
4073, 7560
4217, 4638
6577, 730
6607, 961
5070, 3410
4871, 6044
8412, 7779
9380, 9878
4955, 9925
8699, 6168
4431, 8289
1822, 822
3265, 2831
7063, 7061
5987, 6602
2960, 7261
5889, 4749
8639, 4013
5491, 8989
7392, 2406
7679, 1890
6250, 2389
2315, 994
835, 400
5056, 5692
6991, 3051
7210, 9102
2244, 5239
5612, 804
1289, 7929
5664, 6654
7053, 5459
2796, 7964
3539, 4001
3040, 216
4187, 1393
124, 3488
1436, 6928
2319, 6127
6366, 1677
8234, 7128
6916, 3309
6338, 3678
3606, 7018
8596, 962
7901, 3272
8259, 2937
9623, 6
350, 7689
5034, 4013
941, 6129
2693, 5081
6441, 9730
386, 6448
2331, 5550
4792, 9363
6972, 1116
8525, 6401
3452, 5732
1337, 899
2319, 7597
8805, 2935
2721, 8624
6418, 9772
1306, 2569
1751, 3334
6029, 1098
9506, 3631
1562, 5788
4511, 8459
2756, 1091
9750, 2550
604, 3100
3071, 1020
5964, 7862
1777, 3492
3536, 5706
87, 538
8446, 7624
5108, 1095
1686, 7471
3598, 8400
3493, 2281
3525, 4136
9316, 2529
9671, 7443
8461, 4882
7724, 8856
813, 7373
2412, 2785
2997, 6614
1233, 1938
3594, 6732
5943, 4132
1853, 771
5039, 2669
1861, 3408
6451, 8190
4744, 432
7044, 2233
2921, 5941
8399, 28
1179, 1822
9454, 3422
9171, 4034
1482, 4485
4987, 8905
7390, 8338
339, 711
9239, 458
194, 8886
5752, 6865
9899, 8559
4075, 8485
1499, 9332
3057, 6628
8478, 9405
3178, 2780
5585, 1453
1135, 4573
5266, 8528
1724, 8924
5123, 3619
556, 5431
3230, 7712
1213, 3552
8067, 6405
8083, 4312
2508, 208
6776, 6937
7201, 7657
4017, 3087
1639, 5100
2732, 8900
5348, 9681
3461, 9864
7934, 6906
5703, 3498
673, 2792
9151, 8869
2559, 1082
7917, 473
209, 4708
9428, 9508
5660, 2248
8369, 1597
5599, 3107
456, 9693
2937, 6374
3017, 4859
2727, 8160
5042, 2323
2363, 148
5518, 8194
5208, 9740
6795, 8976
810, 7162
2153, 570
1602, 3063
654, 1450
3631, 9130
7847, 262
3016, 4518
8345, 4147
7110, 6672
2038, 8627
7327, 9740
970, 9906
301, 435
2389, 8024
9085, 8531
7283, 988
6355, 6931
279, 918
2090, 3985
7303, 831
1369, 9035
448, 6920
5073, 8806
9849, 2339
8388, 238
4902, 5953
7456, 2650
3875, 2313
7208, 6603
9104, 9826
8803, 9585
220, 4653
8477, 6826
26, 1650
1820, 808
2305, 9414
7166, 3358
1535, 774
9806, 8727
3885, 1794
6117, 2082
5405, 5673
9693, 9678
1055, 1964
1440, 3310
1748, 2674
7455, 3914
74, 552
9070, 2306
7654, 9346
8509, 350
2992, 1523
9474, 5543
2568, 6021
7938, 2764
4534, 2613
9054, 1618
6911, 222
250, 5260
2356, 1520
4969, 2098
4420, 1597
6756, 7009
1297, 5776
4969, 7071
5312, 186
2000, 2521
3402, 6762
5913, 9883
5440, 680
4145, 5707
9275, 703
4596, 1906
4353, 597
1708, 2168
7636, 840
8023, 3451
5940, 438
5575, 6908
3221, 3625
4130, 438
6779, 3997
6874, 8667
9793, 2143
7239, 477
9706, 8757
9120, 6070
4110, 8388
3017, 5269
1878, 1233
9783, 9622
4163, 5208
1486, 748
6713, 2610
7467, 1901
3721, 2663
7854, 362
1531, 8064
590, 4025
6058, 8151
929, 162
2778, 8749
739, 9490
4053, 2840
5715, 6287
3378, 4615
6414, 5593
2663, 2868
4291, 2521
4053, 7221
1749, 5129
1842, 3310
6031, 3680
9077, 6294
6033, 6216
2473, 4212
5945, 2429
3956, 4679
9677, 9092
514, 7295
341, 4933
8794, 1339
9109, 8775
9634, 2064
8440, 6599
9438, 5106
9240, 5172
3652, 8514
7498, 234
2555, 3685
3239, 7018
1378, 1756
8068, 8722
9533, 7925
6963, 6286
3913, 3742
4402, 4250
465, 6257
8626, 5554
2921, 4688
6322, 7017
4216, 8222
9657, 8115
4355, 9128
3411, 6927
3427, 1550
115, 7364
4568, 6674
5590, 9542
5384, 3468
9496, 1381
6976, 2983
9408, 1827
8907, 76
1830, 4896
1664, 249
8485, 1060
8181, 5421
7196, 7368
9986, 7010
4782, 2001
17, 9000
8569, 6553
321, 3018
8148, 1052
8873, 6815
4801, 845
1353, 9696
9954, 403
2285, 7041
1143, 5523
5035, 2925
2630, 8251
6619, 1586
9780, 5911
9958, 134
8575, 7492
1735, 581
7054, 8335
9295, 1512
8752, 3609
3653, 9108
1041, 2618
5881, 5932
8635, 4030
8953, 4419
105, 4528
6173, 3410
3191, 8402
8317, 1266
7317, 9942
3651, 1767
7834, 4492
4331, 8410
2982, 1209
1959, 7537
1663, 1328
126, 1020
6269, 4560
868, 2191
6033, 1609
8293, 5367
7280, 2059
4091, 4779
253, 5262
3936, 3905
5380, 7640
3389, 8009
8740, 8590
2704, 2234
5204, 1946
9484, 9335
6166, 2501
9754, 8494
3880, 5282
1310, 6125
983, 439
837, 2657
7230, 9192
8889, 5852
9997, 1234
8055, 3570
6133, 6641
7816, 6705
3327, 1646
5691, 1274
12, 2392
7924, 6640
3479, 8477
5021, 7260
7175, 4598
4250, 6922
1457, 3629
459, 7668
5242, 3643
9531, 2234
825, 9330
1574, 5690
6571, 7444
8823, 4705
4672, 3743
8286, 5886
4499, 5957
4913, 5871
3224, 6092
1354, 9195
3901, 7294
606, 3803
7491, 8334
7629, 7413
5590, 1496
7637, 6727
3735, 1603
8737, 2877
3883, 6599
6303, 975
2332, 2421
6911, 9929
5197, 9975
8840, 1160
5723, 3028
1188, 4766
5311, 5584
2076, 6419
4720, 558
4718, 5064
2486, 8531
2890, 9065
3897, 7769
5325, 462
6360, 6636
916, 2765
3765, 2084
8338, 3088
429, 6928
1356, 8431
2918, 9563
8098, 5418
6961, 9342
7800, 7606
7262, 8210
5075, 3105
4703, 1216
943, 7026
2709, 7351
1596, 8418
8726, 7544
5626, 2913
6145, 2449
3545, 8487
5368, 8837
1539, 8824
1595, 6757
4821, 3939
502, 4205
824, 9927
7552, 9645
2398, 4451
1924, 3650
5512, 8632
2125, 2145
8981, 5692
3835, 1471
8772, 2094
4962, 0
2538, 1890
2433, 4042
7855, 6120
1456, 1157
8787, 4765
738, 1105
6062, 8093
9178, 5060
7525, 3490
9242, 7823
8505, 9246
5687, 2203
2585, 3634
792, 725
1575, 6793
7614, 2948
7608, 3620
9933, 3619
9077, 7154
87, 1359
4111, 4971
9210, 6366
7135, 9753
3024, 1610
5388, 6980
805, 8873
6229, 1768
70, 9306
8270, 1014
2852, 1710
8807, 3044
9191, 9201
9576, 5713
6047, 6548
4889, 7177
2902, 8248
4861, 4257
8450, 4056
6591, 3120
2758, 6787
3157, 139
2424, 6501
2561, 4315
1565, 6786
7303, 8012
5505, 398
5784, 6837
5139, 2428
3164, 7071
4700, 8032
8015, 9027
672, 867
7378, 213
6413, 2675
2162, 8375
8224, 4580
3030, 1915
2392, 1255
81, 5577
258, 486
296, 7337
5283, 3737
7710, 5822
5172, 184
5482, 6800
3127, 6701
3466, 6419
5800, 8676
3041, 2569
8879, 3155
6540, 9537
9938, 2720
4434, 8970
440, 8852
4649, 1320
72, 3242
358, 7953
4047, 9763
8732, 7557
5824, 7433
4582, 8136
389, 8606
4719, 6462
2548, 4848
1982, 6385
1086, 2011
4944, 8370
7841, 2588
9933, 3290
3020, 9374
9581, 1259
3811, 1443
6595, 8648
6936, 3775
9959, 3645
4377, 1188
3698, 6909
2170, 2678
5122, 8998
2343, 2299
7934, 5987
8267, 9585
3379, 7678
8575, 9387
6908, 543
4970, 6265
6096, 5318
1366, 2532
5765, 9617
4739, 4979
2595, 5946
7653, 1484
292, 8000
6521, 4058
5415, 8001
2101, 5352
627, 5121
3549, 3303
345, 9593
7713, 7682
3874, 4639
5603, 9387
663, 4733
4679, 7985
752, 4833
3572, 1889
8964, 3969
2311, 3478
639, 5288
4950, 6047
5538, 2369
2226, 7787
