N 6000
R 7000
Tp 1
Ts 4000
8004, 3440
5563, 5329
8799, 1729
8006, 9224
4018, 5651
5350, 4078
678, 8442
1909, 4130
5920, 5219
9540, 5127
610, 2704
1008, 1996
9073, 1297
3699, 4887
7633, 1658
3815, 5181
6684, 9478
3669, 2688
9889, 7464
1644, 9798
5705, 8010
7453, 1858
1190, 8229
2242, 2849
6564, 1803
9935, 3603
8017, 4100
7585, 6259
8265, 4531
3506, 2501
4441, 5732
3823, 347
2709, 6420
5569, 2613
9718, 5165
3303, 739
3339, 29
3669, 8839
336, 3698
2086, 1100
7052, 8500
748, 8605
5972, 4574
9128, 6947
2445, 970
8981, 4735
2879, 8649
4991, 7584
4036, 9324
7313, 1842
528, 5091
508, 2516
3499, 1999
1395, 5475
4026, 8037
3411, 3928
9003, 3697
9104, 6698
3823, 7124
4731, 3874
7266, 1260
9808, 6202
5669, 3903
4075, 2944
4413, 4468
1386, 6733
7396, 6958
3262, 7820
2110, 2341
6075, 8073
2294, 4243
9647, 744
8102, 6200
6367, 143
4182, 5994
1469, 3953
475, 9404
646, 1640
9985, 2010
5192, 7790
1507, 3038
3168, 1176
6055, 6498
6673, 4816
8599, 1395
1057, 1917
2026, 2383
8909, 401
1297, 1803
7549, 6799
4092, 3362
8931, 9879
8349, 94
1660, 8783
9413, 1948
5513, 3407
4987, 8000
8743, 5769
8267, 4964
7434, 6500
8171, 9566
8024, 8452
7400, 4125
9378, 7079
8511, 5967
8638, 5838
4791, 8819
6751, 3926
6556, 229
5254, 4178
7399, 1596
2002, 7207
7320, 7020
7202, 9107
7782, 7736
3276, 2715
9549, 4904
9958, 6208
8950, 7426
7441, 2333
692, 3336
8261, 9200
4586, 7086
6855, 866
6587, 5511
712, 2165
8313, 4763
5607, 8841
1823, 9511
8887, 4923
7482, 8449
4395, 1114
4482, 6933
2909, 4983
9398, 4017
1630, 664
3317, 6874
4439, 6969
2217, 8665
6814, 6017
3790, 8518
1269, 7756
9873, 7359
4861, 8858
6131, 6085
2584, 3923
5229, 2355
555, 4293
1773, 731
4770, 1052
5406, 6927
3917, 428
1638, 3977
4856, 2270
4280, 7656
8857, 629
1914, 6327
8274, 8892
5074, 4492
5863, 7261
2921, 5770
8793, 9712
1969, 7907
161, 1407
6723, 4541
2040, 8339
5153, 9983
8563, 8140
8682, 9369
9516, 5361
9356, 8030
5403, 7826
1139, 4207
484, 3543
5471, 9524
9913, 4616
4164, 9289
880, 6839
2876, 3924
5952, 7725
8743, 5887
4405, 6976
8178, 3702
211, 5550
7701, 4158
4086, 3736
9031, 8031
376, 2238
7084, 1680
2204, 6323
6686, 6910
3064, 3053
7353, 5512
4175, 2667
4528, 4042
7260, 5955
5326, 2036
1899, 519
6599, 1271
7649, 7267
1021, 3435
9276, 8710
9278, 3840
5972, 8411
9658, 9951
8465, 3459
6194, 1307
1303, 9824
7836, 2202
9452, 5152
7827, 2282
8762, 100
1355, 5442
1775, 9740
6691, 7398
5057, 9282
1571, 1798
1024, 4239
485, 3252
4388, 3741
8416, 3584
9973, 3627
1455, 1553
8730, 2518
9472, 5346
5977, 3626
6008, 6711
4028, 2853
1251, 3403
533, 1300
4554, 1720
7032, 4637
4350, 5777
7543, 2359
9728, 4975
5003, 314
467, 5430
4973, 2687
5865, 2676
2309, 3299
8825, 2790
8122, 3470
2034, 2470
4760, 922
4570, 948
3888, 4066
2272, 5072
6633, 680
8799, 3122
7988, 3555
8867, 8886
8285, 8420
1110, 6631
3725, 1443
7747, 4519
4893, 5627
252, 4680
5205, 2030
2039, 186
7394, 1318
4435, 6177
8389, 3834
7080, 7618
9912, 777
3005, 8987
9997, 2805
9475, 1772
4335, 1695
926, 6214
6233, 4732
5283, 9486
4005, 4593
6413, 6333
6636, 9504
4490, 8215
924, 2750
1315, 6935
7193, 8400
9272, 3491
4282, 4066
5977, 4513
9668, 563
66, 6870
6260, 5008
6286, 2246
4357, 9756
8252, 8526
7137, 6089
8735, 6153
5844, 8102
6223, 8514
4812, 6085
6797, 5351
7485, 7512
9587, 3639
8082, 7799
5402, 5016
4878, 4000
1797, 3479
4544, 9243
9963, 701
5412, 8457
5586, 5418
7269, 7705
2487, 7728
3969, 6310
1626, 2687
6342, 1937
4597, 7496
1256, 2230
4269, 4241
6564, 6781
5362, 4212
7518, 4944
9297, 7540
3543, 3428
7176, 6685
9211, 8438
3385, 3894
9494, 3171
4376, 630
3271, 5075
3150, 8960
9820, 8948
5216, 8061
6765, 9039
554, 8869
21, 6328
4933, 8873
5418, 6327
9960, 5936
7214, 3886
5130, 4459
8478, 1319
1573, 6583
2327, 172
294, 927
4905, 2610
1329, 1100
9700, 5682
3234, 154
8767, 1733
8062, 6087
3863, 9628
6760, 2347
1300, 3434
9199, 3647
7784, 4126
821, 7931
8928, 8832
8186, 5024
2957, 9943
1127, 1215
7228, 6789
3414, 1892
2145, 1328
958, 1074
3091, 2526
1565, 8220
720, 8620
1902, 2158
9665, 6491
2523, 2742
9193, 4712
4220, 6290
2855, 3638
3244, 3398
7178, 3065
3980, 3066
2116, 5906
5169, 1406
2967, 7298
1193, 7787
1853, 1741
8587, 24
964, 7389
4796, 9989
3413, 5232
5198, 5160
6997, 1039
547, 6465
6021, 7883
3903, 5900
5844, 5974
5260, 9123
9237, 1739
3990, 9693
2379, 8588
9878, 8247
4784, 5094
4861, 6638
661, 19
5302, 7638
2036, 7499
6990, 4633
9521, 9208
623, 4383
6991, 9189
1895, 1607
719, 6497
4568, 2080
2674, 982
7881, 614
7872, 7793
2442, 1612
1201, 5790
2853, 9810
9721, 3793
9919, 7235
9553, 1842
6365, 4158
9120, 1814
5844, 7631
7193, 5191
8601, 7450
2253, 6464
5863, 5059
5633, 2502
4942, 1180
9322, 9830
3672, 1596
4437, 6087
3432, 8680
291, 2140
220, 961
3073, 4841
593, 8955
3622, 7118
4885, 5973
4358, 8469
7943, 2329
7588, 1444
2267, 5361
2900, 8496
9529, 3652
5997, 2958
3061, 9532
7854, 9095
5322, 3429
6168, 1159
5728, 5973
280, 1602
3548, 7810
6248, 8132
4902, 2340
1035, 5315
5030, 4873
4247, 1348
6248, 8670
7744, 6070
9871, 5985
3774, 5918
2853, 8816
624, 9088
1215, 6317
5290, 9672
2383, 9761
1066, 4642
4820, 5321
7465, 6156
941, 8962
5788, 293
7082, 1261
1226, 7074
1571, 7439
3048, 6237
5058, 5031
4384, 7722
2379, 6348
3201, 3128
8972, 8163
6767, 9888
8975, 3434
9035, 4990
1116, 2388
6141, 3161
9835, 5857
285, 5712
6712, 4121
4018, 6258
8975, 4454
1218, 634
8087, 3499
3112, 4630
635, 6180
8899, 3778
2307, 6811
9226, 3622
5505, 5428
2686, 9913
5319, 3270
5464, 9568
4087, 1639
7186, 4998
9938, 3250
2434, 2506
3505, 2215
3040, 6720
4626, 6960
152, 6821
554, 284
2603, 9475
8201, 6570
4640, 8988
2364, 2195
3640, 2742
6907, 7123
1807, 5460
3874, 326
4990, 2749
4925, 7404
9662, 9804
7325, 3976
4375, 4099
2295, 3675
550, 8732
6924, 2343
9917, 6125
275, 451
1588, 3591
2241, 4859
2781, 1340
955, 4336
5525, 842
9043, 9651
855, 4216
4510, 4265
6010, 4204
2550, 1532
3563, 5799
6747, 3647
6037, 7326
2484, 8667
7212, 822
7123, 3386
8586, 4682
5559, 1903
8849, 3932
4859, 48
1183, 150
7467, 786
8479, 9579
6615, 1488
5515, 816
4848, 9959
1247, 3504
9888, 4960
3434, 256
5782, 7658
5774, 8544
9198, 1076
1318, 9194
8768, 5941
3191, 891
8239, 7880
7823, 7691
5153, 6727
8682, 6843
9534, 498
196, 6857
2593, 7468
6329, 2083
8683, 6643
2375, 2086
6263, 6282
6709, 1105
2537, 3332
5597, 6411
3328, 2047
6964, 1310
4074, 7323
7723, 7342
9063, 9526
3166, 7626
1317, 6789
9753, 9342
426, 3025
3515, 4546
1505, 8811
546, 4867
299, 8861
6438, 4492
2918, 3055
3970, 5921
1212, 3827
5308, 3495
5858, 3101
2614, 2227
2625, 5234
7181, 3342
4162, 269
7967, 2465
6497, 9080
2410, 4547
468, 1101
815, 4076
5269, 4632
4709, 6565
6747, 6184
9945, 9967
5671, 1859
3155, 9452
3274, 3603
21, 541
7620, 2161
4700, 8985
5479, 1148
9257, 6663
6938, 6662
5369, 5529
4153, 5804
7760, 6197
3770, 8447
8725, 2337
5195, 4452
1527, 5674
9350, 6356
3421, 576
9174, 4928
9898, 4882
4148, 8726
9663, 9889
6794, 4137
1819, 2228
1176, 991
7966, 6600
3477, 2812
8939, 721
9389, 4006
6971, 4066
4121, 6406
7518, 8021
5085, 6666
2365, 3687
746, 6841
9627, 4195
7924, 8276
5130, 681
3917, 9925
7273, 5275
9088, 4039
7275, 468
6186, 1026
819, 7445
8147, 2945
9147, 5422
5371, 8530
564, 5397
6623, 1337
4504, 6390
6442, 7857
3643, 4647
2008, 5265
400, 854
3878, 4982
1480, 3809
6277, 4786
2645, 9986
9918, 9937
1341, 9125
7039, 3620
2281, 6680
7619, 45
7549, 5086
272, 565
7394, 7359
1562, 5885
735, 4864
8565, 9327
9687, 1594
3256, 4176
5515, 4378
6604, 7492
1712, 8516
3059, 2958
6331, 1188
4342, 9523
7417, 5875
2119, 3338
6603, 1203
2005, 8258
687, 4200
9726, 831
7738, 6578
591, 8963
3217, 8411
8678, 7109
518, 1401
6489, 1185
7951, 7968
2287, 108
8771, 455
1867, 4562
1534, 9238
8938, 8893
4308, 3513
770, 8244
1282, 1635
8410, 5342
7120, 5059
8137, 9345
2722, 1243
614, 8108
9054, 3571
8350, 6221
4296, 6185
2373, 2447
6504, 9154
7907, 8916
2878, 1090
6336, 4091
4908, 8820
7386, 8334
1809, 1734
4834, 6683
2981, 2101
3560, 5261
2880, 9552
5547, 38
3990, 2923
5698, 7723
8413, 8355
8328, 9388
95, 9704
8482, 9055
8682, 7628
7804, 2856
3365, 3927
3298, 2182
1678, 948
3339, 6764
4462, 3532
5039, 2779
2669, 8541
1577, 1785
4834, 982
6535, 8545
8515, 9538
5102, 7063
6427, 4798
8459, 4677
9961, 8409
3188, 8230
5845, 3191
2077, 8046
7821, 2834
7575, 6005
4862, 6445
3586, 7807
4575, 8470
5107, 3081
6054, 7448
1121, 6529
8126, 7562
3258, 7554
560, 4600
8146, 1579
8814, 2524
3003, 4987
6863, 8456
4560, 5356
7876, 162
8651, 8985
9113, 4588
6439, 3373
3447, 6048
7183, 9465
8391, 3381
8053, 3185
2321, 4464
2335, 6483
6978, 5721
3532, 4277
2668, 7080
4005, 8683
9271, 1693
2958, 9122
3173, 138
2811, 2060
8724, 4429
4064, 6504
4412, 9853
4816, 6365
7560, 3280
1991, 1939
7393, 4518
7363, 1582
8278, 3542
7277, 9959
2808, 4964
2550, 6633
7138, 5691
5900, 7557
4182, 1708
4940, 7475
1426, 6547
8017, 5718
6657, 6899
9002, 6010
3245, 6126
522, 636
6578, 9874
5753, 438
2175, 6307
6184, 9365
5494, 1121
2850, 1689
1715, 9078
9869, 2137
9273, 6798
9840, 3777
2071, 3363
7951, 7161
5321, 8628
6913, 3587
1835, 2610
2803, 912
152, 199
5589, 991
4321, 6339
1314, 1011
3594, 6500
2077, 4288
5582, 337
4150, 3570
9714, 2819
4748, 6506
807, 2881
5693, 4070
8457, 3590
777, 7868
9445, 9569
1797, 6275
647, 3449
4299, 1326
8369, 5611
8910, 2213
2567, 3090
6715, 7297
3527, 4401
4875, 1972
8807, 9103
6917, 4243
5207, 656
1312, 2178
197, 9548
5398, 4858
5039, 9663
9236, 2601
8786, 7948
5071, 1270
7377, 1263
5040, 3455
4386, 7549
1296, 3729
3491, 3642
5407, 3075
4538, 1783
6077, 3984
2634, 4261
7195, 5727
7232, 379
4380, 8608
4781, 3663
6886, 854
895, 7477
949, 459
711, 9938
9294, 5092
271, 1483
144, 9011
9653, 8735
5830, 4051
7328, 3661
2921, 3763
2660, 1251
339, 7554
6912, 9701
9327, 9523
2836, 2582
524, 2349
1615, 246
3840, 4690
6615, 6665
9225, 9978
1362, 7471
4207, 8827
1937, 9333
9589, 8887
5757, 5111
9630, 1779
5257, 6112
7372, 8015
4999, 240
5987, 2662
5159, 7000
7533, 9892
4457, 8309
7686, 2383
4179, 3495
4936, 3139
8207, 6333
5489, 7054
2252, 3791
176, 9861
1157, 5496
4654, 5585
2814, 9758
9417, 6218
6938, 9918
6204, 1646
8922, 3401
7194, 3085
352, 9909
186, 148
6273, 3505
6284, 5493
2777, 3802
1978, 5615
2553, 6819
6858, 6799
2763, 5620
5087, 499
3206, 9777
3471, 8087
541, 9093
2095, 798
6689, 6892
10, 6942
7687, 3082
5857, 4824
5509, 2795
8220, 18
117, 8424
3006, 8899
3292, 7938
7623, 8667
6324, 9759
8564, 3484
7637, 7006
9969, 8745
2179, 8168
750, 4650
7169, 5397
4319, 2905
4003, 5976
2237, 9324
353, 7849
1578, 6559
8055, 637
4034, 1981
1929, 1651
7644, 6587
2452, 9661
6528, 9889
1424, 2713
7683, 7142
1698, 7291
4686, 6631
2477, 4826
9229, 5747
4568, 4644
2019, 7542
8747, 4542
2938, 8144
6547, 4011
4696, 3409
5349, 1112
4829, 9316
7359, 8946
9737, 3909
2250, 6709
3994, 8512
828, 83
2819, 520
9273, 7597
2025, 176
8154, 4032
3735, 4825
4566, 5215
2657, 5113
3196, 9560
4517, 8148
8819, 8790
5485, 970
8057, 5139
6881, 13
5831, 6072
602, 7453
3973, 2962
7314, 3921
1946, 130
8358, 2500
7804, 5506
1069, 5866
8070, 6447
66, 638
7592, 3975
813, 1434
9671, 2656
9905, 9313
9813, 5491
7342, 1740
1883, 4787
7446, 5055
6963, 9582
5293, 1671
6835, 6655
2329, 8355
6099, 9325
9913, 2636
6368, 3139
8738, 9587
2633, 1741
7093, 4549
6710, 5708
636, 1965
776, 4214
1523, 3350
7499, 4013
1939, 3947
4649, 8026
8441, 3966
2152, 7254
2054, 2657
6355, 1893
3920, 548
2455, 9647
2565, 2427
5619, 1308
7295, 9883
1507, 9947
8915, 210
8166, 3504
1796, 6016
9754, 5960
1940, 9285
938, 5818
1931, 6440
4478, 7771
2416, 2914
8192, 5262
3332, 4789
3327, 4518
14, 588
5516, 6090
9585, 6832
4610, 4772
1081, 851
6787, 437
8196, 2397
2333, 7577
3102, 8465
5915, 2418
2997, 2012
823, 7604
6955, 5833
1054, 3164
554, 3939
7612, 6749
1090, 4152
2550, 5737
8685, 8743
9047, 5225
9507, 7558
7474, 4137
4729, 1170
3014, 9491
901, 5027
7151, 1974
8029, 2907
1049, 3811
9645, 8924
5616, 5651
7926, 2819
2275, 6584
2468, 9253
1287, 3183
8712, 7316
2391, 6415
6212, 9997
5160, 5041
4198, 7234
3419, 6763
6091, 2223
1756, 6523
5653, 8235
3960, 9596
9447, 9037
4907, 9448
5069, 2616
599, 667
6152, 9557
9808, 1151
9143, 9676
2469, 3337
993, 14
3097, 1856
5279, 5521
1503, 3013
1207, 3353
3556, 2147
3747, 4320
4566, 5332
2063, 3330
6147, 1374
5729, 5783
6668, 7017
8196, 157
2248, 6189
4796, 1954
693, 3212
478, 5467
5881, 489
7304, 8596
2535, 3524
3307, 2837
1020, 7220
2441, 4220
697, 7727
6217, 9741
9596, 4777
5960, 9027
8167, 3542
121, 2033
1074, 3934
8141, 6618
2811, 7692
7102, 3817
2284, 5266
7285, 7038
2005, 3741
9403, 6758
9368, 2913
5645, 2854
6996, 3297
776, 835
697, 4445
5444, 7424
4043, 8264
4750, 8789
7313, 1076
1021, 7129
6204, 413
773, 7964
8645, 3999
5594, 9028
671, 4724
6508, 4962
3420, 6606
1265, 2111
972, 8093
5601, 2696
303, 1006
4747, 403
5900, 8353
4852, 1261
8650, 3973
3295, 5394
2843, 9826
584, 1832
3017, 7922
4699, 9065
6936, 1420
4226, 7211
1932, 6623
4539, 6989
8323, 8216
6743, 7056
5362, 1920
2879, 1424
3310, 4661
1746, 6285
8289, 1252
2665, 2090
3389, 9135
7323, 1857
4460, 9264
7500, 4129
4069, 6010
3856, 8198
9019, 8104
2638, 7380
319, 5638
6319, 367
8630, 72
918, 7769
3798, 1418
3753, 2393
2506, 8468
5998, 7892
8708, 5290
5089, 5387
2018, 6382
3313, 6145
4889, 6770
3691, 4855
4366, 2910
3453, 7910
452, 2922
1325, 697
3439, 5433
3106, 388
3095, 4930
3920, 5076
9912, 5004
1841, 8517
9830, 5893
5599, 2410
862, 47
3454, 1069
216, 3895
694, 4147
9577, 7012
2014, 5338
308, 1497
1588, 6033
1008, 7030
9545, 2085
2773, 2177
2057, 868
9408, 8413
1608, 8912
1670, 3284
648, 9602
9877, 4727
1639, 631
7622, 6254
389, 4236
4255, 2862
3652, 7761
4853, 3414
9496, 413
2942, 2453
9069, 3871
2741, 1933
6856, 9099
8902, 8316
1254, 185
5193, 8557
7264, 4870
8987, 9130
6816, 2469
3000, 2395
8414, 1542
6342, 2896
6819, 8433
6922, 4774
2382, 6992
733, 5898
9940, 5078
169, 2120
8002, 4367
2846, 2334
2319, 6757
7938, 722
4669, 4348
884, 796
7166, 8443
5137, 9649
6754, 1175
4064, 1534
6174, 9758
5592, 5341
8569, 2461
4097, 6583
1921, 3646
583, 8886
2683, 3026
2171, 1430
1702, 1655
7445, 8647
9328, 8934
6020, 9137
5587, 6748
8645, 4101
3416, 4194
386, 1148
7083, 9995
7409, 5359
9726, 2185
910, 9105
3208, 7213
8083, 6381
4934, 4857
2227, 135
7281, 2852
4934, 1794
8304, 5993
9166, 6990
6356, 3980
1657, 5691
2177, 827
7055, 8414
3341, 1916
8795, 3967
2289, 3848
7735, 9821
6044, 4500
4079, 1887
7623, 5240
4056, 6184
9427, 5167
4586, 4533
3263, 6953
3143, 7910
3269, 8416
7280, 7830
500, 9829
9517, 2617
8760, 646
6841, 1170
2485, 879
5601, 574
6371, 2105
705, 2608
8899, 6963
9087, 4074
7424, 7676
8483, 5748
5617, 1003
3859, 2924
1787, 9467
1710, 4171
9155, 3670
3182, 1760
9408, 2508
3856, 3291
431, 5456
960, 1976
3920, 5919
6253, 4165
5054, 6190
1755, 754
6380, 5744
2696, 9189
5979, 9281
1702, 4790
3352, 9297
3399, 4222
8242, 2560
2327, 6039
1593, 3874
2195, 1855
5122, 4816
3655, 3343
6343, 1851
4469, 4386
9739, 9949
5410, 7125
4571, 446
1722, 986
16, 4095
3428, 5352
3025, 9799
3344, 8002
5878, 9848
3180, 1826
7543, 3853
3782, 2434
258, 8898
1020, 5575
7436, 9168
1295, 3275
6639, 1300
3574, 6117
8449, 5322
8543, 4279
3477, 7003
2032, 2292
3755, 7008
8316, 8732
3266, 1666
6801, 9493
9790, 3328
8973, 6919
4613, 5068
8033, 5413
3043, 8675
8158, 7459
7805, 5206
2604, 9432
8082, 4169
6810, 3713
9710, 6376
1839, 751
8424, 5601
9679, 9839
7851, 8882
5337, 6085
418, 6896
9165, 228
6060, 5937
5499, 4395
3760, 7159
8246, 3519
2618, 8441
7000, 8017
7554, 623
5807, 7036
1886, 8298
7797, 6094
1374, 7997
4333, 6480
2853, 7772
7129, 9252
8071, 1152
4281, 6778
9086, 9668
2398, 5551
8023, 4784
8396, 2146
8761, 1007
2461, 4852
389, 5263
1203, 7516
9609, 1668
2822, 8020
4047, 3545
299, 5027
419, 4884
6949, 632
2657, 5877
3061, 5184
2428, 9867
8957, 4788
7532, 7939
5715, 2130
9359, 5374
9713, 5254
8992, 861
3160, 6164
4692, 6507
5701, 1237
3761, 4200
9836, 5180
9273, 5214
6033, 5764
8629, 9810
5398, 7176
9261, 5928
7677, 14
7523, 5843
4415, 5984
2943, 2632
3494, 169
869, 1374
6597, 3833
5907, 3764
4215, 2885
2822, 5694
36, 7342
5036, 8094
7376, 3580
4197, 7435
3134, 2854
6563, 2289
4003, 4145
3968, 9092
1028, 3651
1470, 7282
2193, 4419
761, 1093
6907, 5951
4665, 9265
2592, 2056
5492, 1552
7176, 3566
6928, 3687
7864, 2436
7238, 7653
1843, 5712
6210, 5304
4128, 3825
1975, 7243
3479, 669
9279, 832
1829, 4278
6848, 2822
3376, 9705
2507, 935
1348, 7827
7997, 2593
7723, 6463
792, 975
379, 6528
9964, 7107
2009, 7624
8783, 8082
8811, 4051
3820, 9404
4891, 6051
6583, 502
6904, 9064
3679, 2694
8055, 4940
2092, 8394
6998, 5736
2615, 3878
7697, 4390
3913, 7032
5454, 1685
8396, 4457
2130, 9026
7325, 7539
9718, 5674
6419, 3865
4773, 2872
6474, 136
316, 4764
4712, 4008
4084, 3723
7424, 3118
2268, 1965
5877, 786
1262, 9191
6150, 2519
9124, 6949
2360, 1196
7588, 4
5713, 3055
967, 8809
1952, 8729
4247, 5042
2939, 1882
3670, 2615
640, 3937
4076, 8219
2045, 855
3464, 3125
8955, 1465
1447, 4678
5572, 3873
9635, 1894
5013, 4224
6834, 5616
9551, 1002
368, 7366
6296, 8173
3943, 306
5102, 7247
7594, 4315
972, 7620
6993, 3712
101, 3785
6591, 3748
3932, 7728
1855, 1446
6886, 6168
2925, 3371
1816, 6855
7937, 2138
4506, 5335
6805, 1236
5885, 6891
520, 5791
584, 2573
2444, 3006
4094, 2293
9689, 622
2684, 6824
500, 3166
6030, 5834
3211, 5948
7889, 2817
4263, 1640
7267, 5240
7044, 6728
7175, 8652
2860, 552
6980, 983
8687, 3419
621, 9414
8079, 5474
4251, 5161
5048, 40
7863, 5303
2557, 1720
5236, 8428
1837, 4955
5064, 4048
2309, 8642
1099, 372
719, 3276
4201, 7547
9783, 3956
6194, 5379
5246, 8939
4304, 4624
4152, 6477
1592, 9539
3968, 8130
4345, 7868
8508, 9188
8482, 1897
6619, 9000
3680, 2217
266, 3883
9525, 8353
1142, 2762
4996, 6554
555, 8942
5049, 1254
2539, 578
9990, 3709
3803, 2530
887, 1096
5719, 530
6823, 9801
6758, 7144
284, 6645
5192, 7431
1501, 4959
1228, 3289
8643, 3539
1661, 1560
8941, 2731
4348, 1609
7822, 6305
9194, 1429
8530, 2002
2588, 4981
6030, 4123
4833, 4666
7780, 8739
9551, 2455
2166, 85
7545, 5147
6994, 8952
5197, 3902
4667, 6156
5081, 9640
3480, 724
5422, 1320
8694, 3274
9453, 9704
153, 4515
8926, 795
2383, 6145
7312, 8303
5573, 5535
314, 5781
9604, 1596
1808, 3785
3859, 6791
9362, 7904
2784, 8355
1358, 5918
3992, 9287
7077, 3842
8659, 4037
8874, 2590
3038, 7252
9783, 7206
3024, 2557
4330, 8964
606, 6431
8045, 9334
458, 2095
3683, 3637
6533, 15
46, 7074
8245, 1193
5454, 4319
2802, 8409
36, 184
811, 1925
6708, 812
134, 41
2457, 1260
2836, 5955
6050, 9454
7090, 5928
4074, 8686
2812, 33
757, 5426
8236, 4437
3447, 7385
4208, 9812
6367, 7919
9834, 4126
480, 2175
8080, 9630
5728, 3958
9556, 4342
8777, 5103
1086, 904
9420, 8721
2773, 5550
5062, 3025
1470, 1190
6939, 7413
1883, 5006
623, 4983
8276, 5208
772, 8402
1586, 5818
9677, 9276
7592, 4388
4960, 3935
3101, 8927
1882, 3461
916, 2575
557, 832
6957, 9524
8373, 276
340, 8419
9896, 2354
3542, 5932
7755, 1489
2964, 5944
8785, 5355
1761, 5792
1502, 225
8293, 4285
810, 5420
4820, 663
4466, 386
9, 8940
9208, 9168
251, 144
7194, 2554
5234, 715
7664, 1548
1459, 9412
4303, 9612
9462, 1880
826, 8175
8313, 8518
2505, 4052
733, 9946
4738, 1729
4878, 1284
1363, 1960
2768, 9540
7121, 1429
5205, 8149
58, 8247
1612, 9539
9207, 4280
9507, 8538
3598, 4555
7197, 3372
2820, 4161
4046, 383
2560, 1448
3763, 4657
3914, 9569
9006, 2776
1842, 7340
975, 7931
7421, 6338
6911, 9142
9033, 2671
3686, 5278
3330, 7994
7852, 7170
4174, 5746
9277, 3305
7090, 1927
6341, 46
2536, 7393
4202, 7157
9256, 4625
6889, 7129
9891, 5619
2169, 3283
3294, 1036
6364, 2329
2315, 4406
3060, 6497
6820, 9141
1938, 8464
7985, 8821
2921, 131
7945, 3826
417, 6489
3620, 3076
8024, 27
4671, 9669
9667, 105
5961, 3040
5826, 1203
8762, 9351
3681, 9872
2916, 2913
1434, 1086
2833, 430
3960, 359
1260, 8872
359, 9149
7548, 3577
8087, 4130
8938, 8243
32, 1830
6387, 5264
9199, 2893
4009, 4966
1598, 3692
8629, 6166
8657, 6688
1623, 9122
13, 8444
7694, 505
787, 6077
4946, 6784
8234, 2091
5534, 3838
43, 1054
6956, 6500
4934, 6602
3497, 8535
7393, 8857
5527, 1035
8177, 100
5105, 2670
6721, 7214
8761, 2847
2159, 5308
5102, 7193
8262, 7109
3193, 8464
3014, 4002
4326, 870
8224, 8769
6239, 90
5149, 3324
1412, 1822
3519, 8033
1447, 1411
4223, 3694
916, 3235
6692, 844
9406, 3035
1941, 4516
2405, 7907
5350, 4738
9667, 7291
319, 6661
8309, 916
3483, 3439
3751, 7625
6363, 1104
7224, 9272
7114, 4025
3869, 9744
5324, 5439
7185, 2104
6639, 5295
106, 4842
7556, 1880
8871, 7946
9255, 5001
965, 9463
2137, 8360
1297, 9069
9679, 6636
40, 2245
8051, 3400
9050, 1562
9832, 5125
5660, 5608
5852, 8938
6989, 8194
6134, 7563
8113, 3328
8878, 9627
3193, 7972
3212, 2303
7043, 663
2424, 5632
685, 9989
2257, 4044
9733, 5426
6217, 7834
8220, 4087
4637, 1353
4346, 8909
8483, 6228
8155, 645
4844, 7523
5766, 7489
24, 8097
7710, 7491
9721, 7158
369, 6576
4240, 4160
2589, 976
7716, 3683
4451, 6628
1105, 9754
4388, 5044
1228, 184
345, 3909
6981, 2848
1727, 3300
6453, 7245
7390, 8210
7671, 9279
4442, 1035
6451, 3667
2226, 4724
8101, 3405
9094, 7841
7564, 9253
902, 4128
5359, 4907
902, 1445
7882, 8456
7613, 4275
3814, 5650
8861, 9940
6342, 1052
5933, 5605
6269, 488
2433, 6961
286, 170
2331, 2041
3499, 8522
2011, 9612
7759, 7717
578, 4393
4455, 5873
1204, 1502
8698, 7291
396, 4907
5626, 8943
7849, 7624
7299, 6963
9286, 416
5504, 3537
7848, 8681
525, 7743
64, 2689
6, 7068
3216, 4023
1679, 4585
7339, 5346
4749, 433
8212, 354
785, 502
6152, 465
2597, 666
3224, 5254
9807, 1336
2831, 3718
9922, 4989
3490, 8647
2804, 4709
7125, 1746
8715, 2870
3386, 9252
5888, 7075
7540, 1826
4741, 862
250, 8518
5090, 8846
6358, 1354
2955, 5960
4989, 3888
9550, 9597
714, 3515
9049, 3664
2963, 6654
5000, 8050
2877, 6431
556, 4684
5420, 7272
4839, 7816
9810, 3978
8547, 5165
8072, 2861
8114, 1269
7946, 7481
5024, 4412
6285, 6874
1253, 1127
524, 6004
6968, 8287
9664, 9827
3853, 2585
2878, 6716
366, 8499
1802, 2630
247, 5484
73, 7039
9883, 4769
2100, 8284
1733, 1200
1800, 3937
9833, 5643
4010, 3497
1624, 2810
5065, 4531
6978, 1565
8652, 6105
9798, 7997
906, 4430
4309, 9902
7464, 947
4821, 2196
6348, 4870
5425, 5918
1681, 295
2142, 6995
8244, 4456
5848, 327
6810, 2433
4042, 9562
3748, 5246
189, 3470
523, 3061
4536, 9172
4310, 919
3861, 1169
8475, 5555
3365, 2562
8673, 2161
2329, 3881
9971, 50
5969, 3906
2289, 5969
9682, 7799
7905, 614
5056, 4475
1091, 1127
4588, 7303
49, 8331
1270, 6944
21, 4973
6803, 177
3525, 3977
1065, 5850
3386, 8646
2552, 5445
8143, 9344
7395, 5616
468, 8929
1756, 1788
7169, 955
3565, 8513
1304, 5540
9122, 4956
8707, 4559
5797, 4998
6717, 3763
2065, 2146
7469, 7834
5384, 2386
3484, 9144
3904, 6935
9800, 2662
6904, 2707
7297, 1690
504, 4508
1584, 9957
4518, 9952
7160, 2408
5429, 4016
900, 5012
4856, 826
9408, 6877
3349, 8743
9668, 2714
4308, 4125
7803, 4795
614, 9570
1890, 1879
7395, 4334
4395, 529
7083, 9003
4113, 4295
4478, 4316
1302, 2135
920, 551
4201, 878
1812, 0
9235, 2431
369, 20
6032, 7820
8210, 287
8154, 6483
1694, 5882
4065, 1672
8408, 9668
4648, 75
5914, 3356
9065, 9046
3338, 5688
8312, 7926
3167, 901
2340, 7603
7580, 4636
6634, 861
1450, 3709
8692, 6405
6181, 1755
5295, 261
5037, 7940
5482, 5693
7580, 2427
6186, 6667
4775, 4115
7770, 7606
2622, 3242
9088, 5015
7533, 8207
331, 5477
1717, 9634
4296, 4316
1045, 871
7604, 8808
4209, 6887
956, 4148
2965, 7571
1808, 4521
5747, 6101
4246, 373
8040, 2517
1562, 538
8989, 1844
7875, 1248
9624, 1721
3409, 4809
9699, 9462
2563, 3854
5076, 7270
4133, 2635
7836, 1493
7894, 5171
7292, 5692
4263, 3313
8336, 5111
6495, 8045
7567, 1685
604, 712
3259, 8699
661, 5156
7459, 1670
7035, 1698
7528, 8251
2717, 6713
3789, 1916
2218, 0
295, 3066
4112, 2120
2868, 9042
3332, 9465
4056, 997
4347, 7736
4978, 5815
3669, 881
9485, 3252
4457, 2551
6578, 554
8955, 6501
6315, 4903
4603, 1376
5251, 2160
9639, 2859
3257, 6346
5104, 550
1714, 9673
8282, 8212
2574, 1955
5036, 632
7123, 208
936, 396
1990, 1233
6069, 8045
6633, 2697
5975, 3030
6750, 6092
4032, 9191
6361, 7955
8624, 1889
339, 425
9448, 5265
2939, 6438
7581, 4471
6791, 5653
5223, 7875
8216, 4227
6921, 7995
8939, 3863
5387, 7658
2924, 2121
7378, 6664
9094, 4288
738, 8130
7093, 9851
8442, 8726
2412, 9083
8653, 462
9457, 988
6065, 38
5046, 671
3344, 9483
692, 6181
2780, 899
2112, 250
64, 7299
7407, 6779
2929, 3328
6710, 9077
3411, 8757
8841, 6972
7336, 7294
6485, 6180
5891, 1935
634, 6720
3131, 5141
5088, 5813
6443, 870
970, 4521
5094, 8231
2136, 1294
9175, 2458
5590, 8421
359, 1842
1458, 7152
9064, 5861
7643, 9785
1854, 9436
2741, 1704
862, 3306
9833, 1285
1070, 4407
8104, 5466
8331, 9704
2064, 1092
5786, 4380
1000, 3142
5558, 1765
6677, 698
1080, 3489
8047, 8437
4757, 8645
2446, 5574
9169, 9509
6094, 5451
5185, 658
1537, 5695
1038, 2720
5331, 8116
469, 5763
1081, 1641
2300, 7638
9075, 4040
7135, 2823
1233, 1823
4312, 6850
4833, 4392
2829, 5768
3782, 3975
8676, 2588
7780, 2304
401, 2139
4328, 2531
5392, 7253
8373, 8197
6877, 8444
4521, 5548
4192, 2296
9294, 8838
1511, 20
4924, 5607
6988, 8905
3579, 7869
4854, 9764
1014, 9121
3755, 2327
412, 5277
8386, 5033
5185, 9668
4950, 5738
337, 1235
1767, 5368
8468, 4706
3755, 6151
556, 550
4018, 2736
7083, 1638
5463, 4105
2962, 9864
850, 8189
116, 2536
7402, 4311
3178, 9076
4248, 1440
7887, 6887
3574, 2803
5147, 4896
5799, 522
7389, 1614
5760, 8631
5458, 4154
7268, 3888
8866, 9121
1245, 3367
4553, 4045
998, 4965
2595, 8175
5318, 4611
3217, 2379
5286, 7781
5448, 7999
2132, 4307
6856, 1569
5872, 4453
5258, 2981
8403, 6219
899, 1912
4160, 502
3653, 9979
4067, 6567
2677, 63
2486, 2241
1431, 106
5570, 989
3493, 9812
4322, 2907
9343, 4785
7202, 2447
5244, 506
23, 2111
3390, 4298
7145, 2152
8548, 114
4155, 7464
5977, 1977
732, 7532
4041, 3700
5205, 9606
1812, 8558
9362, 8490
6843, 7108
5438, 9221
6424, 4816
806, 8987
7770, 2431
6672, 5436
8717, 49
4213, 578
760, 5453
4889, 8697
2816, 7454
8604, 8075
8282, 4846
1768, 9223
5102, 7790
3786, 7565
7335, 9615
5854, 6745
7222, 144
5940, 8186
8759, 8180
2623, 2782
7963, 4767
8299, 1468
132, 2829
9758, 8813
3423, 3839
8391, 9111
428, 8803
9075, 6696
5977, 2334
1215, 3051
8060, 3977
4808, 9498
47, 3398
302, 9745
5878, 6157
3655, 7563
9548, 1607
6272, 5403
8971, 8310
3549, 9496
5035, 2607
7234, 6230
1313, 8933
3258, 9485
5369, 4115
8788, 8392
8687, 9526
4910, 5645
1062, 1221
5834, 9684
6555, 1246
9277, 1013
3972, 9070
2374, 9106
642, 7996
8636, 814
6294, 834
960, 457
4512, 3577
2529, 6586
4818, 640
8190, 6120
5923, 1082
518, 772
6511, 7825
6571, 8406
5212, 8762
7365, 7010
2999, 8759
8499, 3559
2589, 8386
29, 2804
6566, 3085
2053, 9959
4043, 8915
4347, 9412
7576, 554
6463, 5470
9277, 520
2226, 4245
9982, 8591
7589, 5884
5146, 2567
1075, 8053
6377, 5062
5595, 4748
5823, 7246
1125, 8333
8365, 8595
5973, 3282
3878, 7847
1437, 2989
2879, 2836
7117, 718
7712, 4214
3782, 5730
4647, 130
1453, 8489
3004, 5639
2123, 8018
3582, 6688
736, 4165
5148, 562
7367, 700
3921, 552
3189, 7055
9302, 2121
235, 2011
619, 8899
7676, 3950
3617, 3958
4312, 8577
5822, 8639
9398, 1186
3299, 1039
4448, 669
2410, 8360
7096, 4775
9497, 7172
6825, 2647
6612, 9857
8616, 1714
879, 3181
889, 8145
128, 6570
3870, 7728
2131, 2702
1066, 7013
3223, 121
5428, 427
9174, 6276
9655, 219
2466, 6131
3222, 2134
1242, 3126
7053, 8209
3836, 2738
5826, 734
276, 4502
6171, 9363
5715, 2253
6761, 9369
2251, 5648
8305, 7362
1654, 5253
3388, 648
4151, 3592
3908, 479
9960, 3796
2511, 6390
4546, 3853
632, 1391
2043, 7437
552, 8840
5178, 762
7348, 7013
1718, 3345
9072, 4172
8012, 753
4257, 7677
6799, 710
8704, 5932
1066, 3536
3643, 3356
4017, 3871
3749, 9562
5654, 1342
5102, 4163
2263, 6521
717, 3587
6740, 6732
6137, 2203
5262, 5993
8231, 4974
7675, 7173
3006, 5976
1334, 7840
2166, 2572
4580, 6336
2047, 3112
7681, 4137
4686, 6279
201, 1947
754, 8451
2387, 5543
7653, 6996
8151, 5711
7390, 4266
5823, 6761
4851, 2291
7580, 8768
939, 3257
8848, 3208
9442, 8683
1928, 3852
4229, 7382
3261, 3333
1133, 8976
4352, 1929
7290, 2033
3458, 7341
2900, 2319
8438, 5800
9622, 8788
8846, 582
743, 6318
354, 838
7309, 9571
7135, 6609
1558, 1886
3611, 1095
6801, 187
7911, 6072
5447, 9258
1198, 4555
1160, 4787
3802, 9983
4303, 8023
7254, 427
2631, 6655
7933, 1668
9671, 468
1441, 155
3688, 410
4840, 3536
9368, 9577
7601, 1975
8039, 6297
6948, 9605
8783, 7369
4504, 6695
5297, 6140
2558, 335
521, 8930
4090, 8349
243, 894
274, 5302
2919, 7577
1870, 2819
5904, 8866
5583, 648
2619, 2671
1853, 2847
3275, 8533
9545, 3456
5433, 7825
545, 9680
4120, 5569
6338, 6708
247, 6193
3063, 7088
7455, 8181
5103, 6112
9612, 1424
973, 3521
6633, 1743
4489, 2989
8420, 9238
340, 5698
5456, 5476
8248, 7262
9993, 8565
2702, 6137
9171, 1604
2841, 751
7131, 8219
6592, 9497
9871, 8969
6345, 8294
9961, 2558
65, 875
4934, 4150
568, 5028
3493, 1599
6313, 7253
8235, 3049
2775, 8771
2148, 858
498, 4616
836, 1995
6521, 5734
4827, 4882
7354, 9163
7654, 636
2885, 429
2322, 9559
5134, 4963
3868, 8041
7601, 6272
9348, 6033
5568, 5133
6928, 7336
8696, 5457
8749, 19
8690, 3007
5296, 4264
6613, 2317
5034, 8091
5608, 9884
842, 3604
181, 3065
3180, 5550
1306, 8383
4927, 3838
5593, 8822
7717, 5934
7887, 8044
7411, 7749
145, 8190
7160, 1349
802, 9636
4859, 8369
7345, 3270
6605, 4025
1967, 9391
9981, 4243
5999, 8317
9178, 24
6438, 2081
5139, 456
5314, 441
6074, 5818
6583, 3847
9368, 6837
1188, 6622
1434, 8772
8117, 5977
1624, 6921
9569, 2184
6710, 6993
6483, 9031
1908, 9807
4646, 9405
1136, 4152
4617, 6574
5579, 6651
5058, 4973
4377, 6907
2590, 2722
3698, 442
8519, 1220
2325, 1395
5951, 6099
9133, 8452
3625, 4756
5771, 2263
3175, 5818
8018, 971
8973, 4093
7410, 6004
5124, 9850
2429, 1723
6955, 7463
117, 4483
2184, 1729
6166, 6266
8221, 9732
4864, 6423
9845, 4086
5580, 134
9037, 304
2687, 2398
5471, 2314
5917, 5708
1018, 770
7349, 1949
8606, 4985
507, 1053
9155, 3786
9059, 6839
6409, 2712
9800, 5607
2905, 291
9628, 9988
795, 9126
3946, 8948
2865, 1520
9239, 8923
7904, 652
9911, 7812
7567, 9248
8684, 8794
2360, 4703
6521, 1123
1212, 5931
5237, 1402
6035, 7947
1643, 2567
4817, 7188
9823, 5149
7828, 7639
8410, 3121
1113, 2423
8438, 1954
6014, 4389
3941, 5944
2482, 5274
3259, 2221
9177, 928
7501, 6547
8860, 6381
1233, 7985
5517, 7245
5557, 7246
9304, 9515
1115, 6184
1380, 6716
2146, 3088
3385, 1993
6640, 4342
1692, 6375
651, 9213
4070, 580
1159, 8667
1651, 2223
5417, 4816
8469, 853
1227, 4624
9641, 6580
8424, 1118
8721, 3549
8215, 9910
1185, 11
9508, 7191
7893, 9515
425, 5548
7551, 5287
7485, 5846
8271, 290
6819, 680
7338, 8114
4163, 3998
6301, 8245
3509, 6890
5659, 8034
4297, 2636
4946, 8814
4212, 5070
8732, 2359
4325, 3241
8769, 3840
5478, 4616
6730, 9113
686, 9479
3248, 8570
7187, 5831
2099, 4812
12, 8033
4743, 7188
9429, 3444
9880, 6813
3708, 8653
3262, 7888
1128, 4402
3307, 8483
6105, 2123
4674, 6252
1178, 8285
6322, 9184
1731, 4756
6143, 2573
5515, 1821
626, 4304
9035, 2397
6038, 2627
2606, 6001
9732, 1335
1860, 7956
2025, 4490
4294, 2758
7058, 5972
1396, 2671
5114, 4292
1657, 1856
2586, 8338
5440, 9729
4879, 8289
848, 2301
7050, 7555
9747, 4535
6656, 6056
3764, 3655
2994, 4037
9287, 6036
7479, 3405
514, 5216
6468, 575
4953, 8715
5358, 7675
3512, 7076
7895, 4210
8633, 275
4836, 3737
4901, 5372
4495, 3641
7303, 8305
5496, 3207
4892, 6200
4390, 4443
7607, 2915
1516, 7887
7361, 5938
5574, 2934
3357, 6321
3650, 2214
4570, 9007
540, 307
1281, 9421
2466, 7706
2878, 1854
6470, 5959
4700, 6033
6386, 7267
9017, 2760
8405, 5517
6121, 309
7292, 4308
5430, 4080
7340, 2238
6548, 8743
7835, 424
3779, 6387
7902, 3979
5629, 2466
2829, 2199
736, 9878
1923, 591
102, 9850
4418, 3904
8367, 2940
2163, 6879
4320, 9148
4266, 5086
9845, 4223
4072, 1307
2754, 6160
2523, 6614
1335, 3684
4368, 2284
8626, 3240
7593, 1364
3678, 1018
3769, 9046
4824, 4416
9275, 9235
3683, 7048
8179, 1429
642, 9278
1916, 899
3778, 2899
5185, 6833
4042, 3936
6615, 3938
2507, 2999
9095, 43
6913, 8978
2618, 6838
2044, 971
269, 447
152, 4343
5235, 6895
23, 6960
826, 7762
8209, 5725
4757, 7383
9458, 3296
6569, 7284
3506, 2972
5828, 6067
66, 5760
6503, 3213
5137, 1749
3172, 9569
1006, 1792
4466, 6208
3864, 9348
8845, 633
6433, 4167
6315, 6940
7506, 8095
3210, 6525
8488, 6057
2852, 2439
4828, 6806
9220, 6219
1232, 5347
5795, 8900
3972, 6611
5899, 8055
2377, 427
6349, 3340
7485, 1401
9885, 6131
3173, 2242
5451, 7878
4409, 8423
4957, 7273
7768, 2723
3159, 592
8893, 2580
8973, 814
4985, 5731
5103, 4357
6192, 7394
7731, 2126
2928, 8929
8609, 246
5003, 5020
2583, 2004
3493, 5541
8141, 6019
2313, 6617
8499, 8000
4727, 9042
1382, 7250
1144, 8745
7809, 6848
7666, 4693
1824, 7203
2326, 2724
7776, 5962
1047, 8965
7827, 4676
6901, 8736
7407, 7182
5815, 9491
7846, 4408
6920, 5305
2608, 3590
7336, 6329
4676, 3520
7619, 7577
3190, 5766
5166, 9532
3930, 1796
5309, 6031
4262, 7470
7330, 2716
4790, 6984
8369, 9577
9593, 2069
5983, 9009
617, 2506
648, 2268
9864, 2621
1551, 7165
7286, 5871
2672, 4440
4686, 8228
6241, 6286
4896, 3307
8360, 4982
122, 9614
8918, 7130
2815, 1912
8225, 6155
8937, 4333
6143, 4034
3131, 5643
8638, 5924
3263, 3771
1648, 6433
4479, 3684
916, 3610
9071, 3612
528, 4268
7591, 7003
5498, 2061
9854, 927
2230, 8082
4385, 7430
8506, 7339
1044, 219
4653, 6715
1663, 336
8157, 7463
3386, 420
9056, 7771
2627, 7489
1667, 5443
6700, 420
9566, 4125
1906, 650
7064, 2825
6791, 3380
4166, 8969
3089, 2231
8287, 7771
3484, 6851
4492, 5712
58, 4829
4059, 3320
4043, 826
2194, 9692
7639, 283
4080, 8344
2904, 1408
3343, 6611
7701, 2106
2454, 6236
2713, 4850
6987, 3667
5635, 8271
3702, 5457
5990, 7351
816, 4036
8640, 6438
9530, 4299
6599, 8404
8330, 8075
4127, 5878
6432, 4652
681, 3267
8088, 2179
550, 3825
2456, 3500
5977, 5291
7192, 2979
6458, 3026
305, 6880
2038, 606
1614, 4013
6708, 7646
5599, 5044
6547, 2019
7517, 3034
94, 4102
808, 7811
5682, 1857
5115, 352
9142, 3233
1377, 4508
9161, 2230
9025, 990
5114, 2212
6229, 5259
8112, 185
5609, 1180
6794, 9131
4046, 9208
8625, 5581
3950, 2846
9657, 2910
8281, 9809
7910, 3055
7966, 9087
6444, 7439
9846, 4544
3598, 1589
9147, 312
856, 2216
7686, 9049
5177, 1566
8805, 7080
5335, 6000
955, 7801
9734, 2118
2113, 5098
6820, 6532
8442, 8954
6667, 9024
9909, 5684
3450, 1119
6459, 4956
6941, 6892
1464, 2644
6344, 9348
7959, 1675
7011, 3920
3686, 2051
9567, 9200
3673, 9469
5799, 8081
3050, 2179
3633, 1339
6830, 8866
3140, 3753
6082, 5795
6564, 4949
6324, 1508
6664, 7711
3134, 2007
7597, 7850
3342, 3414
9811, 1140
705, 5026
4485, 8256
2061, 5831
7366, 2146
6366, 5757
4695, 5046
4008, 6862
8821, 3197
7643, 3167
2303, 2757
469, 1980
4037, 2579
9777, 6805
6732, 1216
3373, 7215
1358, 2030
9721, 9560
7918, 6469
4907, 3339
8217, 6942
3296, 2892
5336, 3770
6077, 7200
882, 8208
1619, 1132
894, 3811
6609, 7801
2950, 5740
8211, 7265
8232, 8488
857, 6649
5094, 6896
4546, 9818
125, 3921
1575, 7373
2, 3512
4564, 4787
4264, 396
465, 7374
9599, 6663
6415, 3888
982, 5586
4301, 9646
4753, 5789
298, 9136
8005, 9400
7941, 7816
4720, 2496
1217, 1724
2455, 9993
1524, 8386
6247, 3172
3774, 9879
8012, 3630
3287, 203
4496, 6613
6545, 1277
1339, 7080
8061, 591
8888, 7082
6057, 741
2329, 8146
4679, 6080
2753, 8786
3833, 5009
3231, 9345
7304, 9340
9674, 1287
9363, 4155
8072, 5669
4564, 6139
905, 9455
2207, 5255
6384, 2727
5557, 2288
9409, 4919
4245, 70
4981, 7755
129, 4997
5947, 4024
6830, 3262
4586, 5517
1765, 2497
7953, 1957
7494, 6628
3487, 2309
4189, 9619
5118, 1416
3485, 804
7897, 389
6600, 581
8367, 793
448, 5221
3456, 391
8520, 5483
6580, 2633
9412, 2855
3691, 8817
5919, 6547
3711, 1104
1628, 4870
5189, 2610
8452, 1157
9955, 3301
333, 2982
1355, 8180
7211, 4146
8597, 2228
752, 5702
7820, 5546
7136, 3527
7758, 6806
64, 7295
471, 6545
1148, 7688
2023, 2238
9511, 1108
3087, 7360
3677, 7015
6220, 6664
6261, 9378
3050, 8073
2594, 1628
7033, 1867
1161, 6270
541, 4167
8316, 2732
127, 8181
8629, 3163
8769, 1968
7454, 9155
2175, 6963
365, 7443
8545, 7091
3118, 956
2813, 5544
8728, 5051
8185, 8344
1665, 9094
1998, 6562
3533, 8785
4376, 2436
7778, 8109
1658, 6906
3063, 3231
3998, 2804
8779, 6585
8778, 9106
4081, 4455
1374, 654
9193, 3703
9898, 9206
2298, 2870
3405, 8325
1308, 7747
7384, 302
2562, 387
6624, 3364
8804, 1056
9778, 7112
4571, 3998
8833, 2223
1653, 1836
5276, 2655
6152, 7859
4107, 8071
8995, 2607
8023, 8568
8512, 8230
5705, 3636
4886, 2089
9866, 6194
7627, 6855
5226, 7098
2759, 9225
8349, 8851
2131, 2989
8911, 310
1856, 7106
9512, 5199
8133, 5980
2539, 9216
5952, 6165
3128, 9986
7693, 6337
7666, 8441
6964, 1852
1242, 402
2045, 9586
8394, 8108
1007, 4874
7918, 1968
7045, 6944
3996, 9678
2530, 6685
3572, 8693
7484, 7974
1795, 3135
4883, 782
7378, 5543
9109, 1161
5419, 7240
4042, 4382
8267, 2563
2474, 1399
1491, 1196
6671, 6232
4472, 1842
2405, 4362
6315, 5305
285, 4419
2035, 4918
4833, 36
4070, 5206
9442, 8607
471, 1531
5085, 1554
1049, 8148
9612, 9988
8561, 8024
440, 9611
2169, 623
636, 9224
4177, 7885
1765, 3280
8016, 5836
9254, 1511
9913, 1909
9673, 7899
5545, 9274
4015, 8538
1372, 4371
3336, 2690
8671, 8547
4413, 2195
496, 5750
6714, 9698
8033, 9001
9146, 9501
3900, 3222
3435, 9062
1329, 5323
5713, 6510
7242, 4950
8886, 8255
2271, 3167
1535, 2917
389, 3778
4202, 1818
4130, 5735
67, 1902
3484, 6160
5925, 8112
7151, 238
1997, 8363
6781, 1456
8683, 9183
7711, 2906
6178, 3626
7818, 5966
6543, 4579
637, 3769
8454, 899
9095, 1612
7047, 4897
4597, 7382
5200, 6457
2377, 986
1324, 9336
7574, 2258
3273, 3574
4536, 3808
2855, 5200
7952, 3885
6076, 5248
7421, 3824
7333, 5532
8694, 7244
8455, 7641
9652, 4326
9668, 5769
29, 6850
4008, 1688
1323, 2249
8019, 1966
8635, 121
2673, 7842
2913, 633
2997, 3724
6792, 4007
4597, 9957
1591, 1969
1278, 8702
5583, 7868
2391, 2873
8210, 5556
3348, 2439
8174, 5616
7313, 2495
918, 8657
4478, 104
2193, 4327
9386, 179
8603, 6832
2968, 8920
2010, 8926
3759, 1084
8300, 4388
7613, 8684
9244, 3901
8715, 2456
9715, 8792
2555, 6847
7787, 2452
6989, 8290
94, 9236
8850, 936
8493, 4112
9256, 3166
7292, 8
2484, 488
8043, 5108
7310, 9017
7472, 5261
8054, 8747
3040, 9362
4724, 2155
6668, 4664
7709, 4564
2696, 6866
5602, 5110
4135, 6280
34, 7635
6434, 519
847, 2278
455, 501
1646, 5056
542, 255
2904, 400
4583, 3297
6542, 7774
9727, 3665
5609, 8037
3890, 2888
7183, 3403
6778, 5790
5762, 8926
5669, 113
9794, 7628
4805, 8930
2099, 991
8016, 7948
4921, 3747
2632, 2593
4095, 133
981, 7859
1064, 2427
7166, 1740
2412, 3562
7223, 1531
3060, 1815
7893, 5340
2929, 1982
716, 6690
8807, 7944
1577, 419
1415, 7133
7740, 5120
8857, 8822
2108, 6975
4808, 6621
6527, 4376
2904, 1187
5841, 9320
6979, 590
17, 949
1792, 9981
6508, 2175
8757, 7754
5137, 9855
5507, 9451
7811, 7295
4624, 420
3309, 998
9123, 7308
5871, 7022
9847, 2650
6247, 4371
7970, 9853
6363, 474
6640, 4373
7315, 1387
9432, 1633
2339, 3709
9760, 3270
7894, 893
6172, 7480
7862, 6394
9202, 1240
5496, 2064
3161, 3707
6117, 5008
3408, 5746
130, 9112
4603, 667
4193, 5828
3175, 8004
6752, 9840
9055, 7495
9200, 4136
9239, 2886
3776, 975
2390, 8516
6775, 7497
6257, 7918
129, 1893
417, 5220
5649, 9690
934, 632
9764, 5308
758, 8562
3398, 7515
702, 5181
6350, 9641
5465, 5938
692, 5670
1822, 1311
4819, 9962
579, 435
7754, 4094
1408, 1576
1980, 4487
6287, 4990
7655, 2687
3439, 1984
8114, 8066
4023, 1733
7759, 3043
7703, 7158
5360, 2009
2091, 2551
7765, 9369
313, 9715
2948, 1745
7145, 824
6818, 4685
4500, 9484
4509, 9434
9045, 4331
12, 3749
3405, 1182
3310, 9423
4659, 9450
8079, 1296
8935, 3410
7417, 2212
4343, 4089
5223, 1046
1515, 2168
2261, 3240
9323, 8728
3763, 7372
9969, 5053
9992, 9058
6041, 8512
3236, 9167
9509, 2407
7469, 9670
2412, 6898
4139, 8406
7010, 5541
5935, 2159
1395, 3229
1982, 1361
9897, 6913
8891, 2628
718, 7175
3138, 4030
6043, 2799
1986, 8324
158, 5872
7426, 2592
218, 6381
3172, 603
3528, 3620
6502, 5752
3724, 1395
3557, 5837
2659, 7703
5692, 4638
1047, 7970
3211, 7592
2533, 200
9763, 5079
6, 8887
3581, 1204
9, 6960
154, 2782
674, 9814
4965, 1571
715, 8034
1077, 6892
3896, 9440
9263, 7539
9977, 1994
3816, 8225
7561, 1584
8791, 9160
4084, 8640
7785, 7482
5125, 3111
702, 2629
6748, 5252
7937, 4555
7631, 9781
7590, 4738
3304, 6497
5547, 4852
716, 9969
1425, 5636
7227, 7195
8244, 9630
4723, 2989
2645, 3785
4415, 9603
5225, 2397
2701, 1877
4842, 4075
4749, 7759
411, 333
6742, 158
2873, 3962
5778, 7636
4653, 9174
7242, 7385
1214, 6436
6572, 8702
836, 2441
7672, 1679
8695, 7375
5899, 9300
9350, 6050
9298, 9907
1779, 9322
8768, 6406
795, 3126
602, 4757
6052, 3025
2848, 9200
9359, 7092
7654, 1068
6556, 7240
3889, 311
6157, 22
3901, 3336
771, 5677
8122, 376
2948, 8510
2872, 9303
6095, 1143
3207, 4701
4598, 7275
1025, 2638
9945, 4635
2067, 313
6628, 7043
8182, 9213
4542, 7587
844, 2633
6066, 5160
4406, 9326
4107, 2151
8227, 4482
7913, 7445
7730, 6388
6128, 9926
6936, 6120
1903, 768
8301, 942
6670, 7019
2881, 7187
1200, 1847
3308, 4899
9800, 6186
1683, 3192
6920, 1269
4759, 9332
9205, 3953
8823, 3816
8646, 9771
8261, 8735
1212, 5114
1142, 6842
2235, 8825
3059, 9896
1669, 8597
3341, 7761
5400, 5156
1661, 6879
9694, 9552
1130, 970
6867, 2239
371, 4126
5140, 2704
2364, 4380
9266, 2884
2437, 2554
8405, 343
3686, 3847
3261, 954
7687, 8991
4, 110
7707, 8039
6224, 2046
3533, 6262
4404, 8217
5235, 6145
7510, 6427
6015, 673
3339, 1608
6741, 2674
9679, 6484
1510, 4043
3265, 2338
6362, 4661
2890, 8326
2237, 6281
9422, 2249
3488, 5595
4235, 2873
3488, 2509
8430, 4650
4164, 5361
6614, 4957
6143, 7359
7168, 3580
982, 463
865, 2095
1116, 5556
8354, 8910
8792, 7862
7781, 9219
6248, 1545
150, 9802
2319, 4639
1501, 1401
138, 1655
3328, 4150
8048, 1120
7878, 4026
5687, 4270
1158, 3152
6644, 4855
1869, 3305
458, 3035
3086, 3551
4276, 9838
99, 180
1405, 5284
5250, 8470
2732, 8391
4044, 7825
62, 5624
9167, 8402
5595, 8576
5402, 8820
4363, 2641
513, 201
8481, 8222
6806, 9109
197, 8259
8471, 1706
3088, 8659
4072, 4316
4704, 8876
5797, 8321
540, 3833
1561, 6199
7953, 4708
5453, 8353
9418, 4709
9816, 2383
1582, 3948
6612, 3802
7171, 7079
5473, 8793
177, 6000
9683, 3762
3410, 6886
4439, 6384
6917, 567
2035, 5326
5697, 8343
3435, 4045
5495, 3023
6063, 696
9648, 3829
2609, 561
7445, 6419
1973, 7095
366, 4455
4786, 6391
4098, 5063
8933, 1484
381, 1518
6724, 4741
2512, 6263
5840, 1297
3009, 2373
6595, 1657
8227, 6061
1065, 8138
3201, 1106
2268, 2013
820, 3754
8375, 4037
2149, 1217
3004, 9397
379, 1514
4273, 1163
4677, 1101
84, 3997
9460, 1570
9968, 2030
3088, 4825
6024, 9245
1275, 9587
5247, 6107
9698, 1376
6714, 8775
6207, 7750
9982, 8919
2716, 8186
195, 6101
9970, 399
6138, 4804
6639, 8088
1163, 3469
3206, 6875
9558, 7370
5264, 9173
6171, 3646
5633, 7796
6246, 4064
9254, 564
258, 3650
4857, 2185
5038, 7906
919, 4374
1484, 8124
5753, 6809
6982, 5193
2366, 2019
8764, 1737
5930, 9079
3128, 7721
9815, 7581
3251, 7472
1562, 1876
2080, 1484
5169, 6962
8742, 980
9400, 7913
1611, 4153
4330, 7081
4779, 6046
2549, 7323
1352, 9137
4678, 6177
2107, 9957
9972, 4616
6761, 4237
376, 1303
9266, 4167
778, 663
9234, 4803
9431, 3246
9194, 4239
9886, 7321
5689, 1296
1354, 4342
2099, 7647
1545, 5404
948, 2685
8748, 3191
3678, 1029
9383, 9939
4141, 4653
2968, 5413
7980, 8215
2916, 6161
3793, 4442
7581, 235
1203, 1480
1456, 9181
5900, 3356
6138, 178
2681, 9123
5195, 6077
6478, 1828
5170, 5049
4710, 3996
6456, 5181
9784, 8186
6970, 7131
8854, 5844
9981, 5750
4879, 1972
3686, 9502
212, 2195
2737, 5578
7880, 2881
2959, 8672
7920, 8910
3837, 5651
3546, 9639
2431, 7466
7034, 6192
5435, 6217
9870, 1498
5410, 7534
4675, 6290
3177, 9259
6690, 1830
2918, 5019
9714, 5668
6551, 34
1745, 1985
8811, 8837
1741, 9203
8324, 723
9932, 6316
1268, 1503
2139, 9539
1332, 731
9108, 9265
36, 9554
3768, 2740
2316, 7186
4588, 6819
2353, 5541
3601, 7103
5940, 3259
1787, 5154
9940, 1141
9027, 1592
5188, 7488
5016, 1894
4790, 3995
4848, 3787
6743, 9975
604, 6609
6516, 9499
233, 64
6666, 273
2499, 6400
7612, 9553
116, 1592
3581, 5623
3050, 472
3997, 3059
2311, 1583
8752, 5069
6130, 1034
8730, 643
6778, 8490
119, 2769
9883, 2641
1719, 6492
9705, 6808
6614, 1979
9897, 6880
6778, 9186
1375, 9507
3557, 2540
6354, 6262
6955, 4404
1116, 1710
5789, 4560
6110, 9547
5556, 5339
4544, 2741
7577, 6958
2037, 7602
2064, 8266
1389, 6818
1238, 2308
5508, 1687
4623, 7645
968, 8788
6642, 2109
9383, 7920
1057, 3436
6727, 9751
767, 1133
9536, 8398
9670, 8375
4100, 4593
4273, 4048
4782, 1946
9364, 6761
8312, 4992
7628, 896
6950, 7194
720, 70
5232, 7838
6182, 3902
6222, 3803
4003, 8286
7851, 1199
7290, 6454
6652, 5926
7414, 1834
4282, 8224
2019, 1309
6410, 7389
8678, 9004
2910, 4551
1660, 8740
741, 5916
304, 3441
733, 9783
5478, 836
2009, 1306
1877, 1055
1709, 3066
8242, 2288
4086, 6471
3559, 2105
9335, 8103
242, 1512
7886, 6110
5417, 632
9077, 3851
2156, 130
8244, 6082
2803, 2625
1891, 7329
1430, 9473
2397, 1186
9532, 8851
7777, 2876
3066, 9936
2306, 1942
8013, 7687
5086, 889
4819, 261
4428, 9233
948, 3744
4942, 4704
4846, 4048
6566, 1407
7710, 6283
1157, 2642
9546, 8011
2719, 7350
3082, 3981
2490, 2649
2936, 7209
2708, 6950
2797, 8713
7764, 1500
378, 5432
4761, 8986
3656, 2937
8480, 3082
5143, 353
6225, 3591
691, 6338
2872, 6060
6165, 1749
4657, 8666
4326, 2034
2012, 1717
9278, 5711
4961, 6892
5450, 819
4701, 7987
475, 5142
6330, 15
7707, 8247
6668, 253
6939, 3673
8344, 2191
7176, 9067
4383, 644
6637, 5299
1688, 5299
9969, 3574
556, 7236
2080, 1190
3163, 539
1896, 4376
4028, 2337
8410, 6881
9937, 3553
9968, 1806
2761, 2780
8574, 204
9567, 3690
8881, 570
7071, 158
4228, 5113
2153, 3412
7377, 7372
3934, 9881
4260, 4194
7671, 4631
7499, 8078
9782, 9964
8746, 2479
2116, 7110
972, 4241
8185, 9309
243, 4911
5561, 9709
3216, 1282
4636, 7470
6062, 4971
1782, 3457
3241, 4553
4197, 4538
3100, 9208
4794, 5813
4872, 6118
2478, 7126
1232, 579
693, 9713
1345, 9124
7952, 7970
3040, 3524
4940, 2651
6587, 8392
8712, 3560
8721, 8269
3173, 7775
5245, 5217
5046, 6169
7757, 7738
5926, 6200
818, 3255
9688, 4213
3664, 2241
2554, 8071
389, 9997
4227, 1521
4023, 1297
2715, 8600
565, 2832
7978, 5183
47, 5028
936, 962
7474, 6791
5364, 1628
3835, 830
9840, 6421
3549, 8051
4665, 6955
5262, 1357
2709, 8427
7547, 7326
1765, 3100
3868, 1961
1466, 7657
1011, 3229
3636, 441
6973, 9347
9333, 7533
5163, 1344
2836, 9221
2138, 4583
6301, 6879
3758, 6831
501, 797
6286, 8059
2988, 3793
7656, 2508
2331, 4312
3253, 736
157, 9761
1959, 2548
5818, 9353
9551, 5230
7342, 6132
6028, 8144
6505, 7177
3677, 6041
1071, 9066
4888, 4750
3279, 8607
3699, 7072
3793, 5934
5567, 7210
9097, 1097
4516, 5786
1608, 7013
1511, 1817
7185, 450
1001, 2857
3513, 4683
809, 8826
5768, 8796
2506, 200
7660, 7931
7391, 9461
8876, 8021
4706, 6351
2650, 966
8196, 6237
8386, 3811
3006, 3595
8559, 2424
4247, 5600
3789, 1561
2078, 8632
1897, 9255
2279, 2531
6548, 9202
1971, 1977
2214, 645
5703, 136
3344, 2003
4703, 6891
9594, 6059
6763, 201
2090, 2394
5463, 5624
150, 8686
233, 2668
5025, 5667
5236, 7567
6817, 5756
1705, 4334
8370, 9855
685, 4830
4339, 9133
1093, 6250
2349, 9980
2157, 5658
1108, 7059
8345, 5361
4854, 7506
7267, 9827
1585, 1740
9747, 8417
721, 7298
9325, 2147
4263, 2637
9059, 5536
4149, 9943
4619, 9629
3765, 2646
4524, 4560
9738, 3142
1426, 5087
1854, 5314
1265, 5162
9226, 4047
4837, 2386
3268, 4229
3512, 6261
1091, 4011
573, 1639
7390, 8190
9050, 2781
8994, 2957
3507, 6649
4706, 4100
3504, 5710
9609, 308
8032, 3951
9403, 7307
5207, 2456
3561, 6997
3251, 776
9475, 1870
540, 6986
3816, 9346
2218, 1662
2553, 6148
1713, 8905
3612, 2727
8775, 5110
4301, 2812
838, 5511
7518, 9721
6476, 204
5006, 1618
1519, 1662
4504, 6935
8191, 5289
5682, 9962
6084, 8980
9286, 6267
2166, 7726
9198, 6818
4236, 9095
2136, 7464
3084, 3016
9689, 1938
4528, 2208
4382, 6954
9562, 5196
1965, 1516
1070, 6209
8442, 4235
6638, 8121
2598, 6205
6243, 7240
7681, 8442
1334, 6315
3104, 7340
1119, 4188
7258, 5971
6805, 67
2700, 1368
3364, 5580
317, 9548
1069, 2561
843, 9340
2167, 4021
6596, 3875
131, 1853
2497, 5548
7149, 6074
9612, 8482
702, 887
1731, 6663
6383, 1035
1669, 1869
7048, 9932
2345, 1684
822, 9457
8478, 9649
3723, 369
9580, 2871
6974, 1933
153, 3396
420, 1975
6856, 5931
8231, 7886
1324, 249
2818, 8135
3739, 9638
6815, 9194
9517, 9978
1863, 2885
3988, 858
9241, 8641
6133, 686
2262, 4303
8692, 4432
3528, 9102
4318, 8770
387, 1389
9935, 1468
868, 5527
741, 2706
7430, 5504
8844, 3006
1859, 90
8631, 2479
7815, 7812
9968, 253
8672, 5728
1143, 5559
3570, 1264
6775, 2923
7064, 8396
7942, 2594
4661, 7186
5419, 2069
3832, 2618
3481, 5136
7917, 3557
9018, 7922
1840, 8866
183, 7358
6380, 7276
5139, 545
5058, 5044
7560, 1696
8389, 486
153, 3997
4242, 6778
310, 7365
7261, 7642
2654, 9418
599, 3787
2559, 264
2796, 7722
2041, 3302
7288, 3284
2640, 6508
4650, 4657
5488, 6939
5904, 4574
2043, 332
8194, 8726
4718, 4921
3979, 1917
6082, 9330
817, 8665
3245, 9518
5078, 8413
4265, 9679
7079, 5827
5325, 9487
5793, 8021
2215, 1644
3108, 9896
987, 8078
7872, 565
2101, 6305
12, 6485
8266, 8660
229, 8601
3869, 1868
9171, 2339
7245, 5253
2168, 4165
6923, 679
8705, 3252
8442, 1777
8063, 5080
9615, 1636
6639, 2707
5048, 3182
1989, 5515
7033, 3826
6408, 2886
1377, 5217
2326, 2321
9323, 2279
9672, 1277
3344, 3620
7425, 8630
3130, 5557
6720, 1041
9700, 7806
2452, 530
1277, 8599
1791, 9816
8203, 2064
3475, 9781
1516, 66
5290, 1725
9607, 3140
914, 1850
913, 823
8980, 2361
9484, 3918
8981, 4390
4730, 7709
5334, 6223
8591, 3164
5062, 7367
7844, 9992
6456, 8841
6632, 3368
2719, 2935
5665, 2967
7589, 510
6240, 178
2251, 5208
1155, 7615
1131, 3469
8531, 2376
329, 6774
2350, 9235
6088, 2385
2287, 719
4649, 8346
9017, 3005
2029, 4316
2083, 152
2876, 6836
3021, 2259
7343, 797
5280, 1262
951, 5566
5940, 964
1952, 6060
603, 1509
4416, 3181
1194, 906
4266, 1515
8952, 9130
1343, 1296
5647, 6824
7988, 1300
4064, 5591
3902, 2241
1491, 3771
9898, 1519
5947, 5773
7433, 6081
6616, 5323
3032, 9802
1398, 5785
1438, 4125
5043, 1736
9503, 689
5102, 2369
62, 2509
9019, 5439
4479, 6533
6003, 4246
6042, 6993
6808, 6131
4155, 1718
9302, 8354
8278, 5476
1108, 2566
8263, 6716
5418, 4729
7816, 9627
2045, 9968
5372, 8135
9782, 185
6089, 6388
1968, 900
7331, 6372
2864, 2395
8802, 5993
3279, 1567
1173, 1816
6243, 897
6832, 4444
9548, 7354
6417, 2756
3306, 7048
5345, 7210
5883, 3797
3158, 5089
898, 1461
4276, 3994
2723, 4540
9187, 6723
9083, 7705
3852, 989
6365, 2755
6814, 9688
8711, 2671
3069, 909
835, 6763
3594, 5272
1369, 1130
5997, 8880
6978, 1629
8126, 676
7559, 7578
1364, 1491
456, 5819
1301, 8824
3368, 3365
2716, 129
662, 2947
3448, 8922
2135, 5135
5457, 7051
878, 349
6165, 8026
8877, 3860
3249, 9838
6357, 7466
123, 9874
8218, 7723
1100, 194
1794, 1013
2267, 8086
8412, 6978
5428, 3944
4173, 6611
4888, 946
4725, 1382
1262, 2489
4592, 5428
2647, 1968
3881, 394
9183, 1467
4025, 433
8415, 6273
8333, 2444
6000, 2060
9989, 5886
4842, 6769
1113, 7685
9530, 7318
8118, 8759
2962, 3925
9910, 8375
3338, 1932
2286, 84
3492, 861
4113, 2255
1645, 5225
5537, 3078
6272, 7908
3029, 98
4740, 7589
9510, 5369
7814, 3501
2180, 2385
8257, 593
198, 8562
3785, 9173
7375, 1111
8984, 8983
619, 6673
624, 9958
8168, 9095
9871, 1757
4834, 1101
2624, 6127
1975, 4112
5117, 4704
2473, 6540
6770, 8382
1777, 8554
4478, 427
689, 7882
7443, 9752
1826, 2280
8124, 4415
1724, 9662
302, 3181
2708, 2422
2055, 7146
3519, 1738
1571, 6598
6549, 9626
8302, 1810
7665, 4697
3700, 8585
1845, 1573
9235, 5081
8474, 3265
8306, 3873
7541, 8449
1547, 9656
7716, 193
1267, 9703
1832, 4753
2347, 9093
861, 1937
6271, 3342
997, 2837
2187, 4527
595, 2054
9950, 3184
7042, 8517
7926, 3230
7894, 6508
8763, 9540
1706, 4435
9528, 6629
1608, 4028
5267, 8089
5048, 3564
4238, 3762
9424, 1414
9718, 4906
457, 405
7785, 6730
5186, 6693
6261, 7545
7086, 8479
4731, 1663
8360, 1264
6290, 3189
711, 3268
4167, 2812
1724, 4
162, 774
4840, 8778
9733, 3492
9531, 9148
7213, 9917
9335, 7229
5787, 552
6499, 492
620, 7879
5819, 6518
5492, 7456
3973, 9279
3930, 6728
3342, 1640
3741, 7102
3459, 8093
5412, 2466
9996, 8703
4098, 2480
306, 7593
312, 8429
6545, 1457
5109, 8109
7801, 9197
5081, 8062
4382, 3198
7095, 2676
240, 6334
472, 9522
2597, 5522
3724, 1858
6433, 9852
4604, 3473
5832, 6799
3563, 4138
9546, 2895
6923, 4525
8397, 2453
8075, 3948
5961, 2285
4046, 1218
4764, 9644
7175, 8976
4574, 3089
2272, 662
9678, 1286
2411, 330
8859, 9427
3199, 5063
2064, 2303
5076, 2901
8279, 260
8425, 945
110, 7758
6642, 3690
2134, 2400
2336, 8023
151, 884
6553, 8360
2130, 6700
1126, 6055
3903, 2265
3195, 5675
8245, 6823
6017, 9753
8392, 2627
6175, 422
5228, 2490
3752, 3214
9559, 1248
3373, 3514
1589, 5258
259, 5314
9445, 8360
1183, 5727
6113, 9106
7310, 4043
3035, 7422
7938, 2664
3090, 5499
5350, 5513
5028, 6910
7874, 7969
3949, 7318
8730, 4966
6014, 3934
2640, 5842
8953, 7502
7515, 3174
6553, 9790
5887, 5706
2734, 8793
3387, 7717
2229, 8986
7810, 966
1607, 7637
9761, 317
9176, 9460
1296, 6857
6351, 6156
6036, 5359
1094, 5836
224, 4787
5175, 434
5995, 3271
9382, 6426
1245, 3021
5102, 4755
355, 3882
9763, 3952
8866, 1945
2503, 1848
3512, 600
4568, 5290
7325, 9683
3478, 3392
409, 508
8370, 2511
6656, 9828
34, 9801
4936, 4729
2802, 1183
6859, 9163
3524, 7462
3608, 4124
5016, 9268
4147, 6340
4550, 1383
317, 2766
6952, 7427
7310, 6883
8901, 4406
6238, 7009
1544, 5226
5444, 6407
5423, 4294
3206, 9488
6576, 1601
1311, 6937
7573, 4852
5022, 1713
8648, 1579
7003, 5212
922, 6552
3140, 7796
8172, 2547
294, 3020
321, 6834
4056, 6658
6667, 385
3152, 1105
5938, 8223
1241, 7904
7395, 2725
7660, 6843
5381, 7090
2027, 6955
4215, 1720
813, 5541
4196, 7629
2915, 8764
7961, 4863
8729, 6771
7549, 6088
2233, 8787
2127, 2601
8953, 1989
9422, 9238
2820, 4654
8593, 3742
8342, 3220
6583, 2709
5489, 1904
7384, 6479
9101, 7330
6955, 6571
2348, 3355
6081, 90
9772, 636
4926, 1291
4757, 5689
2680, 4309
8738, 8937
1991, 8480
6492, 5948
6653, 7504
3858, 4809
8847, 5391
9189, 8243
7409, 5925
3824, 7000
9521, 7335
3253, 1174
7721, 7673
2226, 7738
6471, 9121
562, 1878
2874, 1738
1407, 7374
2195, 2129
6838, 7872
5403, 32
2483, 6142
2515, 3909
7291, 2633
8213, 8126
7689, 7003
5866, 2291
8016, 1328
181, 7679
1903, 3202
8301, 7244
818, 7392
4777, 6475
1605, 2811
9651, 3485
1731, 1437
9710, 193
3085, 518
2596, 6347
7735, 8756
4312, 252
5596, 1598
5035, 9140
3649, 4941
3626, 9601
8983, 2488
4596, 130
6842, 6810
8617, 2572
1799, 7970
2701, 1992
9450, 7943
2396, 3960
3429, 166
3352, 1124
3756, 1545
1758, 4374
925, 8982
6007, 7438
110, 5233
6778, 4754
2847, 7823
1775, 1749
2318, 8664
8542, 9122
937, 8824
1605, 86
7309, 8354
7000, 3304
9693, 7169
1043, 422
4159, 3517
523, 6925
5665, 6742
6323, 1156
6473, 9697
8571, 6246
2554, 4556
818, 7002
721, 4094
3308, 5793
2319, 1472
1566, 3211
9074, 5555
6342, 1558
3372, 6045
8568, 5124
7812, 6803
5299, 6519
7019, 964
627, 4508
7863, 783
2847, 7010
2092, 9122
5906, 6389
6121, 2369
3719, 59
4526, 6975
8605, 4139
1323, 7100
1658, 2469
3027, 1675
860, 7441
8911, 4719
5978, 2600
6095, 3250
4602, 969
6588, 6929
6316, 9865
329, 4102
1202, 1290
8232, 9299
8771, 9286
8729, 6089
1605, 3161
7644, 5443
6584, 6665
2487, 658
5810, 5059
6468, 4437
2085, 9858
3202, 9508
1660, 8398
3084, 7498
4148, 367
3030, 5964
4904, 605
5443, 6042
6660, 5446
3652, 4785
8155, 9883
8955, 283
6180, 3575
253, 7188
2303, 1324
1734, 3657
4998, 668
8615, 1247
430, 7361
5658, 5357
2349, 3321
2278, 8952
5077, 4354
6686, 921
3550, 5502
2451, 7788
9266, 6291
5418, 408
930, 1698
873, 9526
9318, 1297
5386, 8512
2370, 6919
5618, 5927
1476, 6356
1803, 4193
1545, 2203
8909, 3421
9119, 525
8444, 3396
37, 2674
2523, 8302
8703, 486
9902, 2126
4710, 6222
7405, 9243
1196, 326
8996, 3580
6557, 5417
8071, 7936
3745, 2140
9251, 3575
4718, 4951
9648, 4912
3114, 5233
8851, 3759
3486, 6071
3711, 1290
7798, 1816
4795, 2593
5156, 272
8687, 9289
4789, 239
4376, 8547
9963, 6198
6475, 2269
4842, 7901
8598, 1476
942, 9844
770, 372
3993, 3300
9621, 1327
4411, 9440
3091, 2950
4617, 190
9541, 1622
6112, 3628
3090, 113
2900, 9008
6393, 7096
6161, 8993
577, 5315
4802, 987
8376, 6301
9423, 9747
4711, 5118
5249, 8616
3319, 2134
8737, 50
4508, 5491
7807, 5034
9647, 1088
1535, 6964
4378, 282
2317, 2621
13, 3263
6033, 7214
2109, 9973
4381, 5786
9932, 2709
9540, 1738
6980, 594
2613, 8578
6572, 7706
580, 5744
1853, 9064
1258, 1136
3710, 114
5251, 4255
7708, 4070
8949, 3002
2566, 9084
4288, 9138
5140, 4360
4273, 3454
2871, 8848
9424, 9693
3051, 4756
4234, 8183
5914, 9678
2537, 7662
7226, 8983
494, 486
1910, 5970
3809, 2702
1243, 8138
6736, 9211
7544, 9828
9235, 4720
1017, 4848
1536, 3147
7597, 8322
3129, 1422
9346, 8535
3651, 4665
3219, 2918
6626, 1137
5544, 2804
4608, 9231
2523, 5332
8013, 8951
2635, 1673
3665, 9155
4569, 4041
7388, 3388
2688, 5393
2366, 1045
3010, 2495
98, 4068
541, 1408
1733, 1805
6476, 4374
2741, 6716
5785, 7300
3556, 8751
4497, 6794
1196, 4590
2880, 6296
9676, 1880
9931, 9425
8641, 4635
7389, 4846
5728, 5343
5769, 7659
5935, 8752
2718, 4930
8579, 999
2041, 1362
7620, 7604
7875, 4331
9933, 1849
7915, 5385
5232, 8053
4911, 4155
3558, 5772
3316, 3519
3556, 6880
3173, 8668
1561, 3631
9303, 8891
4532, 3368
5691, 7954
2754, 362
4797, 1934
3349, 876
2426, 6621
832, 2243
654, 8454
6942, 6643
7931, 2133
7139, 6532
8742, 8327
2986, 6432
5563, 5102
8910, 7175
736, 2417
8789, 3808
7383, 1700
5893, 2364
4525, 2927
5306, 520
6240, 8781
8640, 927
1982, 5444
2235, 7641
3656, 4123
9414, 1877
2629, 9885
9000, 1070
5475, 217
6738, 9356
5800, 5491
4453, 5082
7511, 2859
5457, 5712
8286, 4552
7881, 5197
683, 6480
4626, 306
5055, 9735
9689, 6029
1947, 3185
7028, 6945
3255, 1637
9889, 9135
7137, 2001
7498, 4659
6131, 6660
2682, 7245
1437, 2092
3802, 7785
9825, 9965
3284, 7822
2030, 6266
9705, 4384
2708, 9091
126, 1171
2935, 9883
5632, 7389
3806, 8292
5544, 8773
4570, 2377
8794, 46
7252, 4488
5591, 3082
3327, 6779
4579, 2141
3373, 562
4481, 8928
3054, 5294
4346, 8605
4034, 4524
1964, 5630
3008, 4156
7599, 8573
9535, 2541
8803, 2695
6305, 982
7797, 7714
5424, 8436
7824, 8727
4065, 3755
3568, 7502
9733, 1531
8514, 86
9165, 9137
4712, 3741
8718, 2230
1625, 2962
1882, 4312
2372, 2452
8382, 4963
2564, 2950
7723, 3340
8351, 5763
6939, 5482
3945, 7928
7525, 9137
4951, 1698
2300, 9612
8413, 9220
1329, 310
8888, 500
9449, 6774
7015, 8451
8122, 4021
7764, 4216
4063, 572
7473, 1353
7034, 2431
702, 8357
8985, 4320
1718, 2752
4321, 4353
5785, 5451
7271, 9354
8325, 7871
6238, 2995
4749, 4534
7642, 9918
1468, 6247
3859, 8309
2130, 1196
741, 1931
4429, 2625
772, 3970
387, 4747
2013, 4472
4860, 8083
8488, 1150
9452, 9230
5402, 504
2638, 9402
9606, 2250
3452, 2039
9795, 4484
1834, 5663
665, 8508
3715, 9651
4629, 7285
3068, 2244
6572, 3065
7060, 9675
3805, 1096
5453, 1605
1646, 9165
6484, 5359
2680, 9433
1035, 922
2271, 7535
6329, 9530
937, 1147
423, 2129
4753, 2432
7355, 3827
7299, 8908
8849, 5253
4391, 7418
581, 5207
9499, 7411
1118, 5692
1864, 5170
9764, 3186
9719, 7235
1186, 3570
4684, 7079
2806, 2325
9536, 8247
9462, 8240
9549, 6323
3757, 3822
3091, 2694
5042, 6937
8920, 8247
5145, 437
2379, 9294
6435, 3017
9177, 9472
5233, 7755
5593, 7130
5606, 2742
8930, 1142
2810, 1786
7724, 3853
7514, 7569
2195, 6633
6141, 1273
6472, 3493
9794, 7299
5715, 468
9061, 727
6163, 7371
5600, 1378
9333, 3052
734, 2477
2163, 2320
7915, 3979
899, 1536
4519, 335
8401, 703
1129, 6823
2951, 2503
6752, 889
3496, 3583
6213, 6456
2988, 7895
8780, 4947
8853, 2224
8266, 8586
7025, 9146
2128, 7886
5544, 3162
5973, 7972
1749, 3688
386, 6982
2242, 7059
8566, 9814
4748, 81
9786, 5456
2261, 9463
9423, 2891
3720, 386
5875, 3883
4583, 8975
5795, 86
48, 1917
5658, 4512
894, 8301
2648, 1110
7756, 4963
8510, 4404
1588, 5964
2149, 6131
1189, 9179
5134, 3059
9364, 962
4740, 8160
6009, 617
6509, 2180
7834, 6750
3408, 8665
3766, 1338
6769, 905
7863, 4300
2520, 7028
4042, 6468
383, 4653
8699, 1230
3898, 7154
1993, 8248
7600, 3990
5224, 9618
6472, 8924
1862, 9969
8319, 2530
2949, 2928
38, 408
7575, 5284
1528, 9419
3960, 5595
809, 995
3877, 3824
3994, 869
9130, 5485
6824, 2997
4985, 8045
5174, 2700
1879, 2892
3375, 9074
8928, 4158
1677, 297
9659, 4153
3127, 853
7896, 8657
9908, 2555
6821, 2942
9999, 709
2784, 475
8835, 7760
5015, 6829
8693, 6930
6491, 2670
3585, 3099
6947, 6837
957, 7431
5149, 7044
2826, 6189
255, 3086
4792, 6711
4108, 6067
4377, 4366
7906, 8537
1390, 5345
9167, 7256
2621, 7138
9684, 2018
4276, 717
5570, 2942
5463, 646
5345, 1888
3270, 9998
4464, 8646
7882, 6529
7382, 2721
2926, 8463
199, 3438
4122, 646
642, 8688
4474, 8424
3399, 2748
6141, 7630
6790, 2849
2521, 6361
2050, 9858
2124, 8736
5541, 3345
8846, 6971
1901, 5929
5874, 1451
4276, 104
3659, 6772
8285, 5879
1755, 5960
7290, 8696
8407, 2465
1531, 3403
7238, 6746
1713, 2717
3416, 3498
2064, 6861
5364, 8239
5314, 1452
2345, 2419
1497, 4273
886, 5405
3869, 9494
8773, 9895
7971, 8930
2817, 8503
3774, 4340
361, 6509
3823, 936
221, 760
168, 842
3285, 3189
5615, 6532
2833, 7669
6526, 757
6827, 1417
7239, 6049
8649, 7357
4932, 7631
2702, 7486
284, 6211
1664, 7337
3362, 40
6100, 2850
5320, 4905
2389, 4254
6401, 3148
7892, 3581
9763, 5403
7066, 4759
3163, 8001
9032, 2690
3195, 7310
6831, 1405
606, 6567
4364, 1756
5564, 5853
4491, 2865
2777, 1048
1900, 5571
1112, 3359
4355, 5582
9390, 7975
3161, 215
193, 3062
4433, 3129
8270, 5762
5157, 5873
5721, 3339
2477, 3570
447, 3186
4113, 6086
8760, 7797
9687, 6035
1753, 5832
7750, 165
1765, 4353
3835, 237
6067, 335
56, 1030
6635, 4792
4106, 1295
6987, 990
6116, 6170
8630, 5966
4087, 7121
9323, 5477
115, 879
9491, 2702
9911, 2674
4068, 7084
7428, 507
2739, 801
3104, 3791
2422, 8297
7078, 6830
3031, 3222
6010, 1373
5637, 9288
6010, 2690
5717, 680
8960, 9468
3477, 7122
3365, 3212
1409, 4429
1504, 1011
2031, 2921
9867, 9482
1956, 6195
54, 9896
9850, 6839
2325, 8212
5193, 7027
7956, 7287
9761, 8548
4539, 4172
9082, 3632
5181, 5032
8979, 8975
1306, 1968
8087, 4134
85, 4331
685, 8465
4559, 5205
6910, 3805
1026, 8940
9394, 5855
474, 8075
371, 7700
4477, 1857
9955, 8470
9100, 8397
7514, 5720
2641, 4952
855, 9791
9160, 4063
2791, 8749
3611, 9644
7220, 458
7429, 6432
852, 8481
4536, 1631
6643, 1028
6617, 5064
8107, 1613
8361, 687
9359, 1187
9887, 2632
9719, 1157
8577, 2898
6502, 9126
6194, 6974
4791, 2149
2437, 8667
2806, 359
8047, 736
4747, 9123
6779, 533
49, 7786
5959, 2590
8388, 1090
4011, 6564
841, 3181
5498, 8706
3159, 8538
3904, 425
2483, 4216
7004, 6944
7659, 7874
3192, 7516
1528, 1420
4483, 9160
326, 3881
5327, 7473
1663, 2038
246, 5265
9203, 2534
7159, 918
4884, 2906
8959, 9933
5838, 7324
2435, 9248
9252, 8073
7738, 5386
5989, 890
8839, 2483
8094, 5069
435, 941
7833, 6005
9, 6201
7650, 4666
9243, 1606
4234, 2621
3571, 7415
2581, 4285
4131, 4560
2751, 1295
7118, 5901
1963, 5086
3679, 7183
5067, 2783
9719, 1700
5339, 7743
3781, 8354
4056, 555
5629, 4431
2159, 1052
3531, 6160
5359, 8973
1392, 860
4864, 378
1723, 4700
2717, 247
2804, 6002
4749, 8906
8129, 19
2464, 7766
9963, 9235
2277, 4324
1739, 7035
9512, 1760
5518, 7625
4615, 4478
8568, 3316
7990, 4168
8980, 6473
9545, 9285
7433, 3560
6095, 1367
8873, 7269
7310, 5008
6291, 5611
8121, 354
2056, 3315
4766, 3666
5691, 77
8747, 9464
4225, 2153
9441, 2550
6567, 405
1217, 1539
2595, 691
9059, 7634
2419, 5445
1926, 6020
962, 4840
4146, 5542
5049, 9130
2712, 8312
546, 2394
6731, 1788
3687, 5835
7912, 3527
6441, 6420
8240, 6679
9629, 5447
9990, 6321
4160, 7068
9796, 3350
2364, 8649
8936, 4577
5378, 6288
3404, 1680
8567, 7957
851, 4572
6476, 9930
7519, 7158
9653, 1274
8144, 9888
2363, 6094
887, 6470
4204, 4879
8312, 8327
3488, 2633
238, 1668
6039, 2887
2056, 8291
4382, 2593
6481, 832
4369, 9439
2574, 7249
154, 9721
9936, 8116
6759, 1725
1769, 8360
234, 8107
3563, 7045
3306, 6048
4604, 6457
7734, 8525
5158, 7599
8826, 9604
5626, 2046
6042, 6911
8181, 4203
3483, 3389
6955, 8508
4641, 1705
5232, 9675
8435, 4424
8774, 2083
2491, 3359
2032, 3161
2745, 2399
1604, 9322
9095, 4734
6047, 5293
4904, 7779
4963, 1445
4009, 8494
3036, 1910
8233, 3713
3072, 8817
2981, 2095
9716, 3405
8012, 2112
1627, 6820
5569, 9006
1865, 2615
4175, 4239
326, 7583
4199, 879
8415, 3841
5220, 6249
6230, 4301
6336, 6161
2313, 7492
8687, 9250
6736, 1939
7097, 6559
2912, 3056
4246, 4872
4845, 5568
1425, 8635
3100, 6434
9455, 1508
438, 6172
9849, 2035
5320, 7280
9668, 5993
7511, 9290
1634, 5982
7057, 5529
4993, 8321
5519, 5191
5842, 9613
9095, 5959
9940, 3925
7486, 1242
7311, 2028
9003, 9310
8172, 1875
5382, 5396
4241, 6016
9663, 7388
4091, 8119
5483, 5359
1444, 8632
8168, 3113
5540, 3316
4018, 5153
8483, 6253
383, 6518
220, 6362
404, 5495
3614, 916
5627, 335
8380, 7311
9596, 6524
9940, 8520
824, 9739
2317, 3576
1396, 65
9945, 3538
8994, 776
8298, 4527
7532, 8516
1681, 3187
3194, 4673
3777, 5483
5475, 4795
3474, 9862
6543, 7754
9410, 5181
459, 9896
7733, 6912
9110, 5375
1389, 9503
7256, 9604
1766, 5537
4019, 6458
824, 7653
8561, 7445
4735, 1619
7213, 9964
1063, 1133
1470, 8986
7072, 3959
5405, 9425
5329, 3088
327, 2923
8601, 2812
4686, 1022
4401, 16
6715, 5067
5246, 4666
9934, 4340
3314, 8682
7254, 4792
7506, 3280
8667, 4220
4642, 227
6377, 4279
8380, 7179
4759, 6362
479, 7421
4373, 1562
340, 3313
6069, 3291
8412, 3632
4399, 395
2038, 5631
3880, 2121
1261, 8915
2910, 6400
5533, 7760
8682, 3619
6, 9986
7304, 8855
8473, 4839
5394, 1975
1871, 8359
6744, 5320
1225, 1953
6620, 4939
3618, 6067
3610, 4664
3921, 5141
9477, 1404
3051, 8995
9309, 3266
3365, 4277
2428, 4663
3143, 413
7775, 1005
3195, 9293
7346, 8990
7445, 466
6868, 1147
2925, 3728
8986, 1472
4775, 492
8671, 3365
6900, 7840
1785, 9236
7985, 4158
3927, 3617
5085, 8277
5238, 1403
4921, 9609
7075, 830
903, 3522
5083, 2066
3893, 3267
7854, 4500
3283, 8916
9281, 9935
3999, 4239
371, 6855
5218, 6580
1944, 3682
2884, 8489
5441, 6611
9402, 6930
3852, 4819
6816, 6312
3463, 4478
6449, 7945
5296, 2552
4803, 1997
2328, 2138
7280, 4704
9095, 7917
3934, 8240
7817, 1314
7248, 6709
8853, 5035
4646, 9320
3358, 1353
1936, 3233
6642, 6979
6160, 9057
2960, 2752
5244, 9592
1574, 1778
9314, 6580
4841, 7359
9751, 1864
5614, 2029
536, 5748
7845, 4169
6706, 2806
9717, 3892
5868, 9005
2290, 5786
8418, 774
3435, 5584
3549, 7141
9296, 3337
