N 7000
R 7000
Tp 1
Ts 4000
8130, 7618
2553, 6061
7903, 5770
615, 4632
1619, 3497
8399, 7171
5470, 2986
9999, 9083
3472, 5673
208, 5132
3528, 6146
2200, 5432
1303, 3640
3692, 5024
3730, 9070
4114, 4609
8582, 3141
9572, 8845
7862, 9939
4673, 8469
4848, 1372
2733, 5121
9215, 2976
9897, 124
6457, 7873
765, 3550
6248, 3615
4946, 4839
4581, 6769
8220, 4293
7328, 8658
3732, 3795
2668, 8614
8516, 9870
4120, 3592
8236, 308
9641, 8497
2418, 9227
7538, 2039
5381, 8892
8678, 800
210, 2394
9332, 5425
143, 1235
1280, 2039
4821, 9682
2579, 5521
1852, 4701
7273, 7928
2574, 4274
6184, 4765
7165, 3113
7920, 9917
4480, 8454
8654, 8723
1128, 9663
7338, 5210
6962, 9060
7361, 7437
4517, 3487
3565, 1662
6154, 8681
6287, 4655
6316, 2485
3999, 336
7733, 5886
9930, 9045
2312, 249
3530, 5523
9341, 3590
9092, 5368
4118, 6601
4795, 8932
5521, 9343
466, 9047
8086, 7279
3166, 2440
1984, 62
8009, 128
6392, 7151
3411, 4081
1837, 6421
1859, 6694
4896, 1062
8732, 5960
7836, 3871
8363, 2665
9571, 2542
9916, 4961
8371, 2064
1676, 1139
2103, 6663
4424, 444
9482, 9911
6533, 8039
2646, 3229
1545, 2719
7627, 4572
1463, 9522
4347, 4870
184, 510
257, 2404
7988, 7356
5618, 4274
3313, 3414
5484, 2602
2594, 4453
5900, 6939
9616, 1147
6460, 2085
8950, 5418
7400, 772
9446, 7967
2273, 1271
2713, 5455
5019, 3532
2724, 3260
5585, 5306
662, 3251
9609, 2746
1357, 7958
6641, 1762
6153, 6801
2584, 4079
6504, 651
5706, 351
9681, 7819
8691, 3001
9692, 8068
7941, 2137
8254, 8255
4437, 1484
9794, 1107
31, 9508
6483, 932
5034, 24
2310, 1509
5813, 844
8516, 9883
689, 9128
886, 6015
6841, 2103
7753, 4879
9275, 7839
7713, 3507
2747, 7048
9881, 2359
5821, 5306
5320, 1002
8479, 6167
9311, 1713
6441, 7282
4751, 7480
1197, 2043
1832, 5638
329, 7385
1356, 5724
2795, 2130
8499, 2555
68, 9882
4551, 4591
5317, 405
2671, 8155
7670, 1690
8712, 6322
3478, 6391
9391, 8399
9436, 7899
4604, 1922
2716, 1412
1545, 568
5317, 3382
9072, 213
2999, 6900
1618, 8849
2290, 8958
7251, 6508
7049, 7719
6339, 607
3045, 5761
248, 5185
647, 679
8663, 6658
9605, 647
9873, 8648
6118, 4443
3610, 7699
8712, 9827
9733, 3343
9422, 4416
1083, 822
6744, 1695
3402, 719
2554, 3824
2010, 6567
9550, 626
5115, 2490
3526, 812
7882, 2366
2073, 571
7618, 8765
5359, 3267
7215, 7469
4456, 452
558, 7709
966, 8251
7633, 7662
43, 8049
5998, 987
1324, 3636
807, 3543
5365, 8096
2420, 3762
9431, 8026
76, 6743
4444, 6553
4995, 5077
763, 4721
109, 8008
4199, 7773
9489, 9956
4482, 7961
5001, 7053
1487, 9897
7877, 7765
8660, 9273
559, 9043
9630, 2529
41, 7452
1919, 5525
8514, 2049
6722, 5511
7944, 1845
1823, 1785
9432, 7993
6698, 4755
5729, 2502
1430, 4749
2374, 7479
663, 1754
3890, 7088
8629, 2273
7973, 2190
6172, 2184
2669, 6205
737, 5520
8304, 9664
2863, 568
4069, 4688
1182, 5886
4339, 8084
7685, 9497
9809, 7290
7399, 5148
5053, 3823
1929, 6391
7928, 9713
2643, 432
9870, 4158
3349, 1818
6643, 9288
8257, 5071
7913, 6839
4710, 447
3039, 5163
1501, 4469
9411, 1149
5132, 4898
8647, 7697
3735, 2777
1473, 3499
8791, 4342
4173, 1930
67, 1628
7054, 4517
4522, 5625
6097, 3169
5283, 1864
7970, 9484
2156, 7315
5768, 2649
5262, 6594
6331, 264
1346, 6628
1878, 593
5693, 2713
1943, 5869
3414, 6539
5892, 3106
2680, 4823
1831, 1817
9250, 3179
8586, 7725
2524, 3501
4574, 7266
149, 8661
9365, 9967
4759, 280
7296, 4553
9516, 1603
3186, 1150
9850, 6512
8339, 7611
4009, 3544
5632, 7594
7526, 1845
1952, 5612
4160, 8418
9458, 5183
8479, 258
9890, 1100
4756, 3050
9786, 7247
9612, 8700
2917, 7396
3566, 8417
6687, 1435
6292, 9970
2808, 2311
8422, 1442
5927, 3256
4433, 5404
5227, 8947
6295, 7172
5581, 7403
2304, 3117
8065, 4847
5135, 1671
3211, 6832
6223, 4466
1983, 6940
444, 3699
3585, 2716
4654, 5186
2842, 4246
8303, 9982
1132, 960
4750, 8685
4349, 9714
2636, 5844
6863, 9542
7556, 8080
6672, 2911
4424, 9278
6765, 67
182, 189
8417, 2631
5849, 2302
8475, 1414
332, 7941
9006, 1676
8537, 4543
9907, 7717
1104, 7679
6041, 6925
2899, 7687
7260, 5700
9022, 5775
9010, 7584
9508, 5
1602, 543
5316, 5122
5504, 7815
9690, 581
1459, 9836
9970, 6798
9976, 2686
3608, 8473
4367, 9995
139, 1428
1219, 2216
3104, 4015
8040, 6360
562, 5455
4508, 2294
2279, 3503
9119, 981
3677, 901
3663, 2
7683, 6348
4364, 4082
2645, 226
2939, 1357
6512, 5728
3270, 1607
867, 5825
5024, 8151
2422, 177
7831, 1462
6852, 5220
6466, 1765
6116, 417
3049, 1291
8662, 8905
1027, 2730
3496, 3671
6426, 3085
6680, 9909
364, 6496
6500, 5640
8475, 9884
8701, 8170
564, 6222
8906, 1874
1277, 802
8025, 3938
2358, 9153
5760, 3725
1026, 3796
9058, 6467
6624, 6036
6221, 4346
1377, 2240
272, 7610
1310, 6218
8297, 5285
2610, 1967
6044, 674
8882, 9888
7680, 7301
7182, 1825
2676, 2092
7023, 910
1455, 5768
3936, 7733
9749, 4950
8121, 9348
8389, 8809
342, 7104
9631, 4582
2630, 4015
1219, 9388
15, 194
3973, 7438
8991, 6371
1660, 2222
8094, 5559
8361, 7031
3807, 2271
133, 9255
3781, 6593
1716, 2087
1362, 9454
9317, 2777
6139, 9920
7291, 6285
9303, 5410
3286, 6064
2534, 2204
7770, 8609
5070, 4425
962, 1809
5601, 1015
461, 4439
4011, 2234
870, 3133
5687, 6365
1265, 1466
2576, 5366
753, 8733
9749, 8917
4279, 1539
6550, 3257
9830, 3749
6699, 4719
3553, 3425
3732, 9927
4965, 3650
8011, 2197
5827, 1503
3478, 9281
7381, 1502
5720, 268
3154, 5587
3319, 7312
2445, 2329
5480, 3266
6104, 8747
5542, 4566
6278, 8431
482, 9215
6045, 4079
4804, 8386
6714, 230
3872, 6277
3855, 2660
6532, 7418
3848, 2798
6494, 1810
3883, 6885
4442, 48
13, 2689
1944, 4331
4369, 2089
892, 5982
9771, 5714
1311, 3168
147, 5778
291, 3372
2549, 4335
452, 6268
5045, 2441
3418, 247
5072, 3905
7643, 564
6990, 9493
9149, 6521
5444, 9385
8905, 1637
5030, 6547
9035, 790
8729, 9666
9062, 471
1766, 3020
629, 8362
9738, 8531
1708, 6622
1578, 2788
7788, 9005
1860, 3596
6789, 6261
4065, 8278
8726, 8561
1783, 8853
8304, 9843
395, 7355
2984, 7264
2195, 7316
9499, 8248
2570, 6658
6285, 8016
4620, 5797
7690, 6974
5377, 5574
5933, 3104
7895, 8193
4559, 8442
9511, 4845
8294, 3578
3018, 7482
3727, 313
469, 309
1495, 4913
7951, 4394
2691, 9317
6707, 7191
3951, 1106
4289, 3161
6963, 5168
7246, 7846
7826, 292
9132, 8326
908, 1590
1029, 8926
660, 4393
9233, 4954
4059, 2748
7223, 6375
3787, 4893
7695, 2394
8224, 9173
1318, 6944
5376, 3827
8779, 4867
4108, 7609
4438, 4966
8142, 9069
2936, 2494
1042, 9469
1150, 6045
2881, 6147
6015, 9803
2057, 7888
9029, 8899
2328, 9127
1944, 2151
7159, 4009
85, 369
788, 4633
5854, 2056
9415, 8764
8348, 6475
854, 7199
7839, 9965
7092, 7780
1782, 1261
116, 7274
6297, 1568
7915, 9335
2611, 8909
5635, 5365
7406, 3333
8076, 8807
1399, 6878
5774, 7815
896, 5626
4489, 1645
2532, 7160
4749, 1661
6693, 5767
3045, 3182
5217, 2018
2062, 1907
8339, 7869
1414, 7272
5158, 2075
7376, 8362
8660, 8697
9044, 7410
9549, 9914
3826, 3888
8435, 1151
39, 4865
722, 5299
3464, 3629
9629, 4320
1915, 9695
851, 8018
4102, 9298
1681, 2678
9999, 7764
3009, 911
5490, 8761
8672, 1413
4497, 3471
8781, 6793
6805, 6970
8797, 3194
2403, 8651
7995, 5293
6314, 3121
284, 445
1433, 1596
1201, 3711
910, 9130
2759, 1264
7192, 9377
5096, 5133
318, 1624
5364, 9999
3448, 6098
5786, 1137
4587, 1783
2735, 5455
7555, 3920
6530, 7485
1064, 9631
5478, 3601
8467, 2745
798, 4302
9354, 4673
2136, 6334
5191, 1731
5664, 3610
9095, 1017
6213, 4425
6382, 2845
2344, 1476
5591, 236
6720, 3842
8553, 307
6155, 469
9254, 6073
5583, 2335
4669, 8633
8975, 9778
1167, 8298
8697, 2739
7790, 2300
9036, 1626
7698, 5073
3366, 777
1589, 9174
4524, 7991
5422, 4925
7027, 1847
7643, 8073
7851, 586
1575, 3172
2683, 6301
2603, 6880
5527, 5152
3953, 8488
990, 2437
8307, 579
8128, 4465
7810, 6165
8669, 9794
8307, 7953
5800, 829
7331, 5982
8123, 3315
9099, 2741
2852, 4047
5935, 5412
5901, 1439
3233, 7619
2970, 5084
5619, 9089
4459, 6119
7961, 7769
544, 1586
6748, 9783
4620, 7609
5770, 2720
9315, 5611
795, 131
4461, 6569
1311, 3483
4716, 1513
5443, 3774
6410, 1655
1059, 5973
6268, 7545
793, 6519
8659, 7933
4659, 4788
6657, 2658
4595, 2188
7944, 4016
1776, 8298
6878, 6053
9209, 1328
5613, 9708
9482, 7072
1575, 8140
2855, 6387
7590, 970
9669, 778
8209, 9036
3368, 1936
4955, 5932
359, 1208
550, 8773
3996, 8519
1925, 1997
1623, 4208
9823, 5534
2050, 9145
8463, 9842
3231, 6391
407, 9723
4814, 7866
8645, 4989
5067, 5399
7662, 6137
4676, 3118
2183, 4662
8008, 5207
2131, 6334
6314, 6030
7575, 9362
7509, 856
8361, 9435
5209, 2257
38, 6318
8212, 4516
8802, 2427
6205, 6422
666, 5411
3881, 1263
6310, 9555
5088, 486
3051, 3489
3417, 8
3997, 8018
9506, 7908
3697, 8005
4780, 5942
8320, 6416
7683, 8862
5511, 9653
4636, 8076
4139, 6848
5367, 8843
6971, 7648
5699, 4183
3678, 2623
305, 3660
1083, 3536
3888, 3068
279, 868
1543, 9389
248, 7033
3922, 9853
1800, 7760
8196, 5714
1430, 9049
7931, 3218
7559, 125
9168, 2316
9530, 5000
5821, 818
9688, 4177
1066, 1332
3706, 5639
128, 1769
245, 4297
7310, 6220
592, 8098
2234, 4945
2502, 2016
9119, 7875
8711, 3728
7124, 3691
9945, 9815
7310, 9647
6156, 7823
5660, 5220
6458, 3180
4847, 2498
3309, 9754
3853, 6451
7531, 629
7403, 6486
5293, 3797
1239, 6631
381, 2164
4792, 5187
1677, 4732
1021, 2474
1749, 5682
6482, 246
2708, 5609
9090, 3634
328, 1253
4630, 9241
5256, 5373
9627, 8045
6958, 8252
8641, 1008
210, 8948
3663, 5522
9218, 9151
8212, 1223
5102, 547
89, 3636
3887, 5953
2691, 4646
5240, 4059
100, 8432
4068, 5184
7761, 3583
223, 1509
7917, 7659
4961, 17
1892, 2636
3429, 3317
5445, 1382
7159, 5126
4695, 2739
9996, 360
4380, 2332
9772, 8921
5442, 4787
4458, 4120
854, 5840
6628, 9232
1076, 470
4437, 1460
9561, 754
8680, 3433
4313, 9535
1896, 7210
9901, 6376
994, 4796
1204, 1467
8348, 5856
9050, 7734
3007, 5230
3622, 4994
9999, 4260
9293, 9160
219, 9178
580, 2948
8832, 2432
6978, 3269
7720, 2455
3492, 1005
6079, 3801
3275, 4715
4343, 1207
9136, 8307
5665, 9581
4023, 7751
4332, 2803
3233, 9797
9034, 1059
5387, 1180
5885, 625
212, 3467
8674, 2764
2204, 4104
8083, 3648
4248, 2826
5152, 2694
1618, 3236
9704, 2217
8046, 5263
4225, 84
2199, 322
2471, 1645
1415, 7728
9969, 201
5861, 319
3839, 9179
457, 7504
3183, 6716
4379, 6032
8096, 2312
5322, 5834
6541, 8323
6232, 2150
2411, 5046
3906, 1666
6142, 9162
9918, 1916
9637, 7504
9629, 1145
8710, 506
1344, 4085
2964, 8521
3462, 1304
7389, 4165
3235, 6480
3536, 4738
4381, 4273
7084, 5013
6912, 4966
1267, 5299
8178, 6258
7837, 5746
4208, 9896
7289, 1887
3927, 2963
7326, 1883
4686, 1795
624, 9298
8944, 2997
2078, 1497
2856, 4045
5833, 4900
4678, 8194
2879, 6993
1870, 4807
9332, 2036
5999, 850
9858, 9200
7825, 330
6679, 9999
1688, 3890
5277, 7262
6181, 6364
1768, 6024
8235, 5964
6120, 3645
2383, 2298
8525, 3743
3544, 9155
3578, 7641
7222, 3549
6675, 7453
4384, 7141
3632, 5736
5, 487
7636, 3139
1924, 1161
5735, 7513
1015, 773
5374, 5744
9242, 1920
7693, 2038
634, 8124
3955, 1034
9960, 1974
6323, 8291
3276, 3837
4339, 9905
4806, 528
6157, 6814
5952, 8658
2259, 4561
8272, 6830
9887, 2223
7962, 1968
8568, 5534
3202, 3543
7889, 6391
6734, 7606
2940, 3447
9369, 1425
2220, 6386
5796, 8378
5688, 1413
7688, 4360
9035, 3495
3111, 4080
7800, 7082
2848, 5795
106, 5220
4080, 1076
9834, 7157
6806, 4116
1466, 5940
6543, 4556
7262, 2506
9328, 2406
6122, 4827
9474, 1177
4374, 7692
5048, 5775
5327, 885
508, 7828
7031, 8629
4679, 2445
3676, 2316
1599, 4691
1654, 9882
6250, 9419
9962, 2753
3201, 3763
7020, 5129
4289, 458
1649, 2560
26, 5228
626, 9019
9386, 106
8988, 3134
6772, 4754
7925, 6820
8058, 2448
921, 5676
9738, 6257
7794, 4784
9235, 2047
5494, 7315
6185, 7950
1738, 5766
1214, 5633
9637, 5542
6737, 7562
7807, 7270
8979, 509
4008, 8517
403, 8159
7173, 9724
876, 8688
7541, 8518
2484, 1106
3649, 860
7125, 6213
7986, 2412
7305, 2977
9869, 4933
5150, 3311
1705, 578
1737, 6149
8241, 9201
5878, 3452
7765, 6830
2238, 7391
7483, 5537
7473, 2353
9459, 1984
4019, 4411
4760, 6402
4243, 8626
2946, 5650
6982, 401
5816, 1916
2099, 2712
9954, 4247
8919, 9697
8237, 9551
3848, 6730
6104, 3357
3815, 2644
5196, 9494
6063, 5335
6472, 8557
8202, 912
1226, 9349
3554, 6200
8217, 1336
165, 7458
8879, 5741
4561, 7888
4612, 121
5807, 1074
1686, 5925
5357, 7805
741, 4071
3475, 932
5194, 4176
535, 6966
5704, 5073
2188, 8499
7579, 6555
4069, 668
332, 7218
6168, 4278
1606, 4924
8845, 59
7811, 7292
5190, 1853
2736, 9718
7688, 6552
9200, 2126
3767, 6547
4380, 5154
6032, 9362
2919, 7696
6687, 7227
1135, 2021
2881, 7442
2543, 4244
9108, 420
6418, 5359
3275, 5132
8835, 6500
1470, 5894
2448, 5303
2574, 5630
9916, 4520
7397, 9860
7027, 3809
9836, 622
6344, 6351
4118, 281
9578, 5002
4330, 9486
694, 8466
8606, 3213
694, 7096
62, 6217
7383, 8390
9484, 5808
5592, 7020
9538, 5140
7166, 168
2867, 9803
3173, 2657
9551, 3120
6592, 7728
8821, 4163
673, 5180
2850, 3556
6181, 560
2840, 8007
8375, 8331
7947, 7668
6548, 6532
7221, 3183
7662, 1720
6408, 8671
5626, 3554
4867, 1037
2533, 8789
5790, 1402
4499, 5737
4224, 2461
8375, 4192
7552, 4280
399, 2899
4712, 7654
8135, 6398
5797, 4131
7326, 6356
875, 615
6614, 9120
710, 1745
9348, 6154
1659, 1149
8743, 8066
3900, 8833
9653, 7821
3003, 2602
4721, 4105
470, 7901
3577, 5998
7520, 2940
2668, 4194
6161, 4760
2025, 1545
7587, 2093
8466, 3112
4701, 3551
8479, 2484
8157, 655
3727, 9996
2094, 3850
4954, 2496
9610, 9854
1890, 476
6552, 6441
7799, 2645
5638, 384
4537, 8222
5186, 8792
9208, 1751
6738, 6133
344, 67
8596, 6349
3233, 6757
5999, 456
5906, 4439
3080, 1303
1045, 8038
2273, 6877
5326, 3309
6379, 702
6173, 8572
6461, 9203
435, 3812
4253, 7239
113, 1426
8106, 3618
7371, 8918
6348, 3823
5596, 8624
5667, 2907
5011, 3462
6685, 4365
3947, 7923
3588, 652
2569, 7055
2499, 9234
3614, 4455
184, 2955
6476, 6425
5269, 4041
9558, 4559
7649, 152
7951, 9173
3404, 5225
9925, 5880
2767, 1165
5206, 7725
577, 4224
800, 4716
9767, 9551
439, 7703
8371, 8711
943, 4586
4381, 4812
9194, 2161
6863, 5234
907, 4992
7433, 5004
1961, 8947
3365, 5631
8831, 5443
2966, 4161
3056, 7202
4554, 9395
696, 2467
2942, 6713
637, 2425
8352, 4866
9652, 4858
47, 6680
6753, 3263
7758, 278
9174, 891
488, 8209
972, 4453
8382, 8468
2288, 7508
8124, 7964
1908, 7239
3993, 1068
8902, 2158
8605, 9102
1806, 3736
8397, 1319
8225, 250
2577, 3734
3971, 3784
9287, 9513
2761, 3027
9681, 1435
1388, 5039
9401, 1454
2970, 9056
276, 2641
3014, 3552
8644, 4414
9952, 2000
6920, 1107
143, 8793
6862, 3290
3722, 8925
5849, 8183
2982, 9423
4141, 1198
2410, 8844
7991, 3487
3262, 3332
2842, 1967
4946, 409
452, 5636
363, 5267
2335, 5932
472, 7133
1875, 5579
4578, 8736
7913, 7583
2082, 1241
1354, 6833
5933, 6458
8853, 8203
7018, 8714
3760, 7680
7429, 8105
2678, 3133
3884, 1141
8047, 5242
4821, 530
4493, 8524
2642, 3241
4434, 2122
8621, 7760
6783, 9210
5582, 6306
7736, 4920
3324, 2266
2515, 4274
6544, 6081
4495, 4803
2917, 3314
8801, 8522
6139, 5510
2329, 5862
9419, 7474
2467, 7184
1044, 8745
697, 9173
1492, 4814
4951, 7807
8066, 7914
663, 6559
5336, 5766
42, 904
8255, 8854
247, 7947
6322, 9730
2686, 1083
308, 8066
8966, 8092
6638, 454
1188, 7965
8368, 2671
4061, 4399
2137, 2445
4450, 1
4626, 5462
8762, 4314
2308, 384
862, 8370
7354, 2923
1902, 8333
4161, 2750
7585, 8932
4011, 2428
3401, 5057
4963, 7987
7285, 2840
6284, 7457
9680, 2285
9842, 2739
2103, 3206
1, 9515
3415, 9710
1044, 9645
9445, 8178
4486, 582
5383, 3947
6245, 1978
9535, 2665
9364, 6585
6296, 5321
5679, 5964
5945, 1603
2458, 7426
7527, 4754
8658, 4050
56, 896
1301, 5180
7313, 6638
9325, 4480
2064, 3341
8551, 1882
6310, 6476
2978, 8745
188, 1294
6643, 2315
7830, 5831
8917, 6215
4933, 8739
1790, 438
5863, 1683
3837, 3070
3657, 2965
5920, 4733
7004, 8414
6242, 8430
2709, 9239
1936, 4539
5039, 1041
973, 8112
3291, 9703
9211, 8423
9479, 4959
5370, 8582
3245, 1788
2046, 6977
7890, 675
7624, 4860
111, 5671
4727, 3330
4076, 7731
5335, 1995
760, 9476
5527, 2445
8502, 1409
2584, 6098
3809, 263
2050, 5266
3583, 7461
5489, 8221
4212, 5745
988, 8759
3294, 6038
1510, 96
8109, 4907
6669, 8687
7621, 9312
2480, 7579
2268, 3271
7070, 4229
7022, 5421
4585, 2341
3393, 436
4506, 9567
7938, 5886
9758, 9249
5822, 5192
3197, 317
9437, 545
7851, 286
4600, 5413
536, 9256
3579, 58
6834, 753
9366, 9734
8378, 6085
637, 363
7236, 683
4032, 5473
5447, 8642
2517, 1070
1045, 6310
2912, 3396
4053, 917
6500, 7207
3484, 201
3476, 4249
9082, 3538
8067, 7300
864, 5889
7865, 9892
6831, 67
2278, 7614
1547, 6952
3457, 8865
3711, 2207
9450, 3800
6139, 4256
4686, 88
7864, 7701
6744, 5852
3515, 3686
3156, 1035
3016, 1664
2991, 1843
4382, 6225
7578, 1140
5712, 8402
6685, 9115
1412, 209
1433, 4377
5540, 6298
8790, 7328
7602, 4930
5051, 8922
4921, 8208
3243, 2293
8062, 7624
7980, 687
7349, 822
244, 7354
8736, 7347
7052, 4043
5203, 2454
5366, 421
4994, 234
6987, 7582
4491, 3016
1181, 9978
3057, 1121
4635, 6300
8237, 8714
6403, 534
4697, 229
4849, 1160
4775, 6472
8182, 4413
4747, 4300
7508, 9662
8554, 5827
1878, 6385
9914, 8487
6396, 9794
3736, 1435
9011, 5212
6409, 9377
83, 8131
9208, 7368
8051, 2161
1822, 1950
4487, 9916
720, 8474
5737, 1041
5522, 223
3894, 1935
5274, 6702
2079, 3426
6879, 9899
1295, 2586
5551, 5161
9885, 9895
6640, 4581
9751, 9715
7422, 9484
606, 4061
3427, 2602
785, 5517
709, 2880
706, 5049
6666, 4961
9604, 9779
8678, 8777
374, 8204
2517, 5307
4841, 5514
372, 357
9645, 1665
7721, 8930
2906, 7200
4931, 3180
6666, 6267
5579, 7451
4772, 3361
6698, 5935
6483, 1113
7589, 742
3045, 2350
3972, 4282
2559, 2756
6192, 2954
6926, 9829
8442, 4755
8408, 8397
6776, 7947
8033, 414
7370, 8922
1642, 8017
6059, 4934
2067, 5594
4899, 1161
273, 4262
6697, 4993
427, 3076
1638, 8292
3838, 6029
9541, 6173
5809, 2833
1158, 9031
7218, 5696
7153, 1029
5711, 8081
8600, 7532
4241, 6642
3158, 6990
371, 6109
7859, 4756
6224, 1604
377, 6711
9466, 7929
2305, 5931
1687, 2828
4582, 5416
6918, 1729
3932, 102
3120, 1085
9737, 5380
6825, 2653
7729, 6821
2709, 9251
6544, 7496
567, 4318
7344, 8787
1669, 1413
2218, 3484
7688, 4097
3273, 7363
1871, 7396
7386, 1182
4418, 3529
3471, 3138
3908, 3512
4579, 3532
2642, 4822
6825, 9258
665, 7255
7421, 2248
8676, 4818
1339, 4586
9362, 3296
2382, 307
5142, 7487
9217, 8368
4968, 5225
994, 2116
2649, 2828
1045, 913
3188, 3078
4420, 4256
3871, 2111
6547, 9213
593, 979
7921, 4338
5069, 6778
6331, 989
2701, 6518
4507, 3649
7146, 761
7263, 2231
6871, 5856
3220, 3054
1278, 911
976, 6454
2274, 8090
9470, 9765
2532, 1742
5172, 4067
8689, 5226
8977, 8505
2775, 7469
2067, 1137
2472, 4829
2757, 825
4264, 1825
9061, 1930
2497, 380
3571, 1072
8566, 3671
6197, 9381
6180, 8569
6791, 78
4563, 5813
944, 5585
9244, 3168
6480, 9809
214, 2670
6054, 5880
233, 1337
5454, 161
9475, 2988
760, 8111
2648, 4402
2339, 3245
4564, 38
791, 962
2668, 3430
1747, 8960
9843, 4281
3355, 1754
3912, 250
1331, 2224
5853, 3105
1369, 5752
6738, 4460
7116, 3755
6368, 9631
8219, 2761
322, 1109
9769, 5113
1613, 2753
7708, 2977
8224, 5062
3364, 1615
9286, 2143
4105, 7826
632, 3708
6013, 6136
9056, 5065
8912, 484
5369, 2061
8818, 5499
738, 4940
2820, 6908
6641, 6281
87, 858
2068, 1532
8998, 7879
6146, 4060
6112, 5838
4768, 1705
4157, 6061
9200, 9400
1410, 2126
1908, 8812
6495, 1552
4944, 5693
6965, 8998
7806, 9704
7109, 4972
8939, 4227
4676, 7954
8734, 4923
4874, 1943
6024, 5692
1114, 7634
1670, 6236
9660, 5615
5556, 2372
6502, 5
4653, 3868
8729, 9568
8605, 5874
9576, 7216
1079, 9927
9155, 301
4818, 246
8337, 4229
1582, 9970
2460, 1476
3701, 8411
1078, 4751
8700, 6124
4906, 1005
5544, 5668
1949, 2242
3742, 4926
5636, 4825
1139, 7344
1791, 13
4946, 7741
1330, 1956
7420, 1319
8356, 9529
8121, 9748
2544, 3908
4252, 8812
73, 2920
5877, 3581
5915, 1785
7264, 1114
9260, 3721
9035, 2759
8402, 5261
6837, 9113
8894, 6240
8914, 14
7797, 1860
6667, 3193
2880, 4368
9234, 5879
3321, 7338
995, 8387
662, 1906
7910, 5266
2818, 1625
1136, 1885
4790, 8461
9146, 8441
9271, 290
7689, 9924
9497, 1966
2876, 7677
9138, 5777
9141, 4064
1401, 2126
1246, 4446
8364, 1323
2093, 2261
3185, 7777
6674, 4529
5700, 8592
6797, 2558
2032, 4563
7564, 7177
8585, 6763
5746, 4706
6245, 426
8612, 8160
6619, 3839
8268, 881
9843, 2953
1696, 5948
9005, 713
3070, 7142
9694, 5928
5438, 1437
5590, 8482
8521, 1907
1436, 2462
1655, 8139
8778, 3372
5828, 9417
9381, 2698
428, 3001
4421, 3954
1382, 5888
9635, 1075
8637, 4070
3648, 6138
7049, 2888
6258, 7628
9485, 9721
9721, 7603
8425, 9408
7712, 4116
6895, 5794
8111, 6377
9571, 5805
8782, 95
8395, 5054
9876, 8414
7222, 3215
6796, 9360
9993, 8609
7721, 1184
9012, 6945
992, 8257
244, 2458
2084, 2120
8193, 4600
4528, 1031
7623, 3476
4188, 3638
7234, 9137
8850, 3648
1651, 2625
5995, 4328
6528, 2756
6899, 9990
7383, 1679
7979, 817
8722, 7109
6813, 6234
4054, 6421
9049, 2387
3173, 6527
2222, 5803
3044, 3972
6261, 3752
1671, 457
9047, 5295
8905, 2263
1199, 8066
375, 6915
6394, 4134
9884, 5253
3803, 1904
375, 5143
9787, 8236
5384, 700
7581, 202
2170, 4138
6576, 3574
5145, 7893
974, 6193
7349, 1674
1057, 4401
7120, 7668
4164, 6370
8897, 1119
631, 4231
8731, 1287
957, 6738
9031, 3323
4096, 7931
909, 8468
5828, 8336
8786, 412
1401, 5097
6587, 4349
5946, 87
1536, 2599
7938, 2217
4684, 9005
9262, 5931
5041, 9788
2014, 5131
200, 9401
9637, 8793
9430, 8310
4479, 2634
7226, 3953
8994, 1097
8466, 6633
5965, 7851
6606, 3166
5038, 8701
6892, 1636
2496, 2732
5474, 99
6433, 4225
5067, 6063
1073, 679
4712, 3503
8630, 7834
5928, 7819
9757, 3614
1314, 3495
299, 4473
6959, 4854
3409, 2526
6197, 7533
510, 7847
8109, 5718
5998, 2286
4694, 9821
3408, 9768
8547, 2523
7814, 927
2351, 5148
117, 6186
9409, 8271
3836, 667
1802, 3578
6402, 6485
2843, 503
9400, 8375
5780, 8190
9565, 137
2535, 8480
576, 8275
2907, 2158
3184, 3493
5229, 1076
4080, 2070
2032, 5718
6118, 5420
8149, 773
5090, 8452
1094, 6589
5084, 9695
8652, 9534
150, 3946
256, 869
8737, 5848
8622, 3911
3739, 5806
8198, 474
3029, 6026
2221, 8431
5251, 3377
4128, 2751
861, 3268
9176, 3489
9571, 3582
3961, 7206
8333, 9469
2404, 7618
544, 3962
7613, 566
6300, 7750
8358, 6606
3986, 8851
4634, 7764
6035, 6093
2631, 5200
2148, 5891
1458, 5917
5870, 3654
878, 4104
833, 6045
7815, 1095
8633, 6273
1385, 3860
9736, 2540
2094, 8245
2531, 793
3748, 1018
3817, 1112
5340, 4738
1374, 8337
879, 8825
1318, 1906
8203, 2546
2732, 4246
3403, 1501
4418, 7860
2021, 5062
8771, 2657
1869, 5498
7940, 4307
2679, 9910
8810, 6692
4698, 2718
325, 559
9039, 5654
2633, 6986
5817, 3793
9997, 543
830, 5635
348, 7945
4899, 4709
8937, 7016
1847, 453
4032, 7105
7318, 6439
1496, 1860
2605, 685
4692, 1483
6365, 7022
2232, 9101
9448, 3877
8505, 5164
521, 121
9581, 1537
4240, 7765
3634, 3905
2715, 3891
9243, 2972
8624, 9897
6020, 3507
5350, 6640
6422, 9363
548, 3149
5590, 4338
9665, 8559
8168, 5925
8139, 1540
8722, 43
7187, 9271
5531, 5114
1685, 8298
2930, 484
2325, 1307
1482, 1349
901, 8119
1571, 7388
5891, 5336
6612, 596
3663, 7036
8420, 1230
9482, 5492
5033, 6908
6603, 1621
8824, 7420
1403, 5502
4842, 6303
32, 9335
6751, 9605
2982, 7842
1180, 5463
1801, 7025
8832, 5169
800, 7940
3205, 7738
1475, 1420
4210, 9857
637, 5633
2061, 8518
4492, 6845
5582, 8354
8821, 995
8190, 7363
7733, 6703
654, 2232
3923, 9628
2389, 694
1025, 7580
1137, 2757
5616, 2071
3198, 8250
7027, 6387
2324, 3889
7772, 859
522, 7910
707, 992
3961, 8880
261, 201
8700, 3563
25, 9704
2275, 5953
9054, 2939
1623, 2181
4944, 7835
9800, 3659
905, 1029
2882, 599
3476, 9891
2589, 353
5836, 2470
2756, 5633
9844, 7153
6621, 7324
3808, 4181
5383, 2619
6016, 6837
2354, 7573
3020, 5541
7336, 633
267, 6804
250, 9130
2190, 6403
5925, 9974
5113, 6929
1747, 1749
5426, 2148
2253, 875
9474, 8278
5774, 7385
7096, 522
1443, 3831
8285, 6633
175, 9446
6818, 2654
1595, 2533
517, 1658
4250, 5939
5715, 1636
2635, 9195
7607, 4721
2264, 3201
4944, 6572
5787, 5671
3857, 2770
5824, 5996
7538, 7020
8069, 6290
852, 3530
9581, 8122
5602, 5721
1764, 222
547, 6432
5582, 9019
219, 1213
8457, 1369
785, 4791
2896, 9737
6812, 7615
2113, 7194
4838, 1688
2006, 3431
7331, 1760
383, 9617
3306, 9786
9281, 9556
2402, 5802
9800, 4488
8328, 2044
9928, 2551
764, 3505
3649, 9637
5100, 119
5137, 9425
2376, 1747
8131, 1703
933, 3582
1573, 9136
6269, 6009
1719, 935
467, 9743
7503, 5560
9556, 2598
5322, 8919
3145, 640
8221, 7801
457, 996
7610, 2307
5356, 132
8701, 3246
6154, 300
678, 2804
9953, 9974
9217, 8730
421, 9052
9921, 4377
1042, 7291
6347, 1546
4174, 672
5230, 7710
4585, 1266
9601, 4823
8822, 2411
5317, 5895
5283, 3476
5737, 1507
8900, 3644
4013, 3379
4415, 8613
1390, 2265
7536, 1244
5615, 6955
876, 9459
7657, 2670
6722, 9548
3577, 9697
6989, 5268
7959, 900
4295, 1273
9368, 1796
2088, 9562
4761, 644
2716, 5306
6588, 9944
7778, 9136
7567, 2849
1136, 2653
4407, 5888
1540, 8619
604, 329
4710, 1951
686, 6790
6585, 3963
8917, 4740
7136, 3667
4006, 5454
9133, 3305
6273, 7637
6740, 9847
1623, 4201
7935, 5545
6761, 7334
2299, 6276
1036, 1485
6223, 7031
6073, 2590
2076, 4972
641, 2271
7728, 5099
3085, 940
933, 7020
5811, 7275
4135, 9590
7028, 7386
8658, 1769
6963, 6311
7065, 1109
9216, 2780
6339, 4133
978, 2422
6496, 6619
4644, 9568
4618, 328
3558, 801
7239, 6168
5300, 318
2762, 664
7203, 8733
9017, 9030
8824, 2295
8425, 2644
5219, 9721
6853, 9255
8760, 6872
2718, 7938
4142, 1854
3548, 10
6912, 1669
6659, 8358
9874, 1807
545, 5574
5550, 7696
3699, 4844
6603, 3064
9863, 3579
4991, 5761
6988, 9259
363, 4177
1958, 8645
3989, 7756
798, 8065
8707, 2538
6774, 6810
4451, 4656
6330, 7595
3880, 8350
2402, 8889
3166, 9188
8932, 7852
5054, 5618
9478, 7914
2221, 2330
6417, 4594
7312, 6644
6961, 8706
3754, 7838
4233, 8966
8821, 4414
355, 318
4303, 5014
3173, 3482
220, 4786
2943, 2836
3529, 6128
7281, 7834
449, 2429
4506, 8775
2120, 8
299, 621
1732, 9478
6154, 5826
540, 5105
4850, 3700
2441, 5789
2727, 6649
8457, 1881
5159, 1719
4226, 8014
7356, 4493
2755, 6615
8558, 3804
9974, 9405
7046, 9382
9714, 7470
4734, 6769
4478, 7434
3156, 2712
5439, 6649
7868, 8703
8562, 6172
3093, 7136
4149, 351
7092, 8055
3327, 1303
6556, 3622
4768, 5454
336, 374
1107, 552
831, 619
881, 6000
3246, 9266
15, 53
9731, 1113
1959, 9723
7565, 3884
4596, 7983
3537, 6648
7510, 6746
4912, 8237
9590, 1569
3124, 7525
5412, 903
6073, 7915
4476, 5168
7304, 2953
3078, 2819
4046, 1555
2189, 3002
5372, 4058
6839, 393
3320, 7550
5715, 985
1008, 4371
3202, 3504
9486, 638
1579, 6527
7287, 9836
6370, 4408
9134, 2111
675, 8425
3558, 5126
7704, 5481
6756, 1128
8443, 1966
1491, 8749
9701, 5273
4353, 2201
1764, 6415
1126, 518
7643, 3204
5364, 9981
8163, 7190
7482, 1968
5999, 2419
8163, 8807
7198, 6456
1116, 6149
6698, 8488
9587, 950
1501, 9141
7323, 2631
6051, 9902
6603, 434
1546, 1124
1046, 6309
9046, 442
901, 222
8929, 8346
1649, 7557
8207, 6734
7405, 1894
1072, 353
3743, 553
2527, 9331
9631, 1072
3975, 3218
2200, 8220
4662, 7372
8300, 3724
1977, 9662
9557, 9060
5510, 3799
8757, 8406
5737, 2622
5934, 5775
3654, 7052
7438, 1088
2557, 8200
6227, 9655
5260, 8382
3612, 2954
5838, 5627
3311, 8528
9121, 1975
5911, 7548
6374, 5295
3526, 3255
4641, 2813
8712, 2264
751, 647
488, 7906
9944, 7329
9099, 9914
5498, 3312
4890, 660
6533, 5517
3630, 2089
1301, 7425
7812, 6535
8346, 6611
544, 3973
1251, 4635
2525, 5777
7449, 6130
4498, 7848
6552, 2088
5361, 4418
2376, 8946
6873, 1943
8602, 6046
2603, 5298
1549, 5300
6889, 752
321, 2587
1498, 9845
323, 7924
8379, 588
8742, 4727
624, 5368
1075, 9929
6471, 91
1911, 1031
8093, 8002
6267, 8609
3706, 8876
4449, 6278
1048, 8198
2570, 3239
5953, 9876
2212, 1931
7238, 5869
9409, 8031
8844, 4196
1859, 2791
8240, 7998
387, 6710
2075, 6917
2224, 6694
3169, 4536
3605, 9428
6116, 2412
7540, 2155
3973, 5732
430, 2491
5690, 104
5780, 8726
7131, 2069
4152, 8439
6823, 2609
3740, 319
4820, 3769
8396, 7069
2147, 8169
2088, 377
4097, 823
5737, 366
5305, 1612
9941, 7762
4743, 6352
4718, 819
745, 7505
8724, 7903
3742, 7663
3947, 4208
720, 8504
7863, 7122
9677, 7019
7316, 66
1233, 5387
8882, 2213
7360, 2962
2285, 3331
7759, 6751
826, 8942
2290, 5997
4814, 578
9696, 4818
9097, 9515
9394, 401
2831, 7598
1035, 556
3991, 7845
5554, 7961
8429, 7402
2938, 3568
9314, 3326
1698, 7038
4195, 5127
8888, 5017
2407, 3316
5017, 6753
6881, 4495
6100, 9119
3334, 5806
6428, 5741
1976, 5605
2908, 1921
2513, 7483
9397, 5639
5436, 4423
7522, 6603
9804, 3208
6557, 1248
6672, 9742
2762, 3647
7998, 7640
2977, 4223
653, 5403
3513, 9613
7151, 2651
112, 2856
8378, 1449
935, 8828
6152, 7737
5850, 7002
132, 7647
5341, 6464
9829, 6966
3154, 5882
8136, 2668
2056, 1252
8501, 7598
5421, 7338
4180, 9899
3747, 8191
1256, 839
7921, 1286
4137, 6431
5376, 1105
6544, 3059
1622, 9187
6155, 5461
2544, 4308
5328, 3453
5543, 3809
3518, 1094
9493, 1997
4399, 2105
7442, 3112
1898, 8660
2759, 3769
6278, 6310
8771, 6171
7336, 9257
1451, 6338
2781, 4013
9852, 1449
2355, 7229
7197, 9786
6145, 1248
3472, 7865
888, 4367
7751, 3501
9009, 8286
9283, 6651
661, 4440
7879, 3040
2508, 7531
7675, 8731
2701, 2221
1789, 7862
100, 7626
3473, 1231
6001, 43
4969, 6871
3533, 3765
8880, 3334
9704, 4795
1793, 3000
4542, 6368
2037, 1528
4616, 2973
6456, 3112
9806, 8187
349, 4378
3722, 5662
8440, 3662
1607, 8575
3161, 1769
3849, 4820
2409, 1534
6967, 3149
1372, 1931
7811, 7774
7782, 3587
7530, 8084
4123, 1763
7926, 2486
9359, 1508
7728, 650
8780, 668
2803, 3872
6161, 6288
1917, 8431
1575, 1018
8447, 6394
8015, 5939
4803, 9663
2855, 4398
1948, 492
780, 8705
9897, 8510
9690, 6048
3764, 4359
9534, 888
1223, 6523
1212, 5588
3822, 1992
796, 3808
9223, 4671
7600, 6696
5958, 3907
3745, 9899
1541, 9853
1158, 5538
8761, 5497
5494, 1319
9264, 5057
4149, 755
4662, 9572
27, 56
326, 5267
5794, 3800
7165, 4344
5150, 2576
9419, 3283
519, 8181
4755, 6946
2289, 6137
7042, 4668
4573, 698
2972, 4474
8392, 4040
3137, 9090
8801, 720
2783, 6418
9752, 1577
6241, 6374
5122, 3338
6373, 9302
1849, 5655
7580, 9374
5136, 9814
4458, 219
4917, 3762
5053, 3791
4559, 3628
3354, 3362
2998, 6632
7875, 9157
4609, 7867
7092, 7523
2379, 271
6829, 8551
4319, 8384
9018, 4516
3827, 3974
4318, 7605
8593, 1184
8575, 9394
5087, 8249
6522, 6139
3840, 5898
1271, 9572
68, 8124
7751, 4141
346, 5848
1258, 29
1078, 5484
8605, 6107
1902, 1548
5536, 5160
1534, 8435
3158, 9804
2715, 5157
6773, 9115
3445, 5987
9390, 3060
9013, 409
5254, 7590
1078, 6295
3395, 7088
3536, 5098
338, 1427
3807, 727
6261, 7061
7826, 7763
4186, 7125
6143, 5010
886, 2406
4420, 5610
6850, 427
5065, 739
7755, 5805
1378, 7277
7213, 6924
3760, 5422
5866, 4479
5894, 9575
2675, 313
7032, 4241
4105, 2795
7024, 6745
1134, 2160
5835, 6054
2581, 6488
4352, 9251
2936, 1188
3489, 2093
8471, 3819
394, 3930
8318, 8312
1894, 5044
7264, 7953
1440, 2833
7040, 9283
3639, 9776
3262, 2255
1883, 8818
2190, 4443
2532, 979
7844, 3158
1811, 7140
8811, 3196
9711, 4758
4278, 5666
3473, 8404
8286, 7695
796, 9693
5225, 520
8291, 9437
8508, 9910
351, 9112
5383, 4997
9400, 2146
6975, 7339
9968, 1501
5369, 7763
1439, 5840
8273, 1478
7017, 5377
8138, 4294
2172, 1439
1760, 2214
3414, 8702
2058, 1704
7587, 7727
540, 804
963, 1132
9288, 9602
922, 4141
5556, 5925
1250, 2346
3991, 6884
3627, 845
5196, 2870
8194, 2898
3993, 6698
6479, 9071
666, 7488
3064, 2506
4246, 711
9747, 2123
2260, 8707
3689, 1024
5062, 9162
2790, 7111
8450, 5356
5997, 2187
5026, 8605
1129, 6109
7954, 3249
1166, 3758
6951, 1698
909, 1191
14, 8817
3942, 790
4706, 5799
7048, 693
8983, 9830
2548, 4824
9316, 6737
640, 1603
3694, 8532
8743, 5462
974, 5569
8461, 2214
8117, 393
4304, 617
838, 9284
587, 4381
1697, 8125
2052, 4421
7168, 9932
7045, 1313
6315, 1649
2872, 697
3318, 8698
1771, 1287
6330, 7841
6899, 1582
8208, 9557
3052, 6986
2441, 6324
9342, 4021
3308, 9010
892, 7875
6071, 4008
8374, 5580
3446, 8987
6911, 2963
4786, 9416
1673, 2727
400, 8986
2123, 2005
378, 2551
8228, 6088
6155, 8717
7274, 159
3860, 8100
7483, 3161
9244, 1856
8037, 7455
8820, 230
2449, 1677
7288, 4344
9561, 4799
2401, 1231
9418, 501
7303, 5844
1317, 4946
6052, 8395
6000, 2727
9396, 1036
6826, 7783
216, 4447
2299, 5894
1722, 2772
6857, 8003
3035, 5436
8199, 4767
1112, 8039
8808, 361
9739, 667
1393, 8631
4670, 3933
2301, 3171
1210, 5632
1882, 3823
9085, 343
0, 9863
3770, 5304
6642, 7874
1275, 2336
4941, 4804
7393, 3197
1117, 6499
284, 3371
4543, 6852
1078, 5246
2913, 2754
5129, 3513
3654, 4010
3473, 1065
9222, 8053
940, 6786
8705, 323
3166, 2739
2820, 1760
9058, 2632
5860, 4454
362, 3276
1335, 4112
2967, 3353
9651, 3077
8068, 5998
6142, 185
6061, 2300
2724, 9420
8461, 2188
9479, 973
661, 1600
1313, 3023
2392, 4789
7605, 2949
8323, 8594
6851, 8157
9690, 5935
8874, 1015
7517, 965
6951, 2577
378, 4750
9820, 6112
3468, 3449
7901, 5853
7746, 2572
7283, 8361
4154, 950
1859, 9166
7611, 7824
6857, 6212
738, 2735
1949, 45
756, 7450
1256, 6526
5459, 5618
576, 826
9708, 8850
5055, 2556
3373, 2564
9954, 193
4819, 6558
9581, 8799
3313, 8647
7292, 7110
8413, 2922
4164, 8850
68, 8886
8759, 4362
4542, 5023
6823, 328
9292, 5765
5618, 6693
6302, 4574
6859, 2048
9713, 8131
7801, 9803
7941, 9908
1529, 819
4829, 5113
1199, 4506
5984, 7926
858, 9346
3404, 3081
6085, 3896
8234, 7507
9593, 3242
4940, 5137
1264, 9846
2483, 9719
6212, 8545
1534, 968
9814, 8641
1004, 3284
8235, 7400
6450, 6158
2881, 9197
8280, 2568
3695, 7944
1646, 2381
7898, 3626
3565, 4571
7124, 967
2680, 2300
4910, 1473
7744, 8527
9758, 7650
4102, 7112
5900, 4774
8700, 7088
7959, 8818
1557, 3546
1829, 4213
1435, 9412
5671, 3673
6591, 3686
4522, 2230
2378, 4378
8842, 484
946, 5719
705, 9066
6265, 6748
5437, 7720
5536, 2422
4192, 8429
4984, 1150
8337, 4598
3065, 8898
4976, 692
4379, 7726
982, 5048
5378, 1415
3802, 7598
7223, 5252
2097, 2132
8496, 4857
9069, 8293
1522, 5377
8454, 9334
1005, 2503
6742, 6987
1382, 5521
9469, 7335
2130, 3962
8405, 7615
5117, 8715
288, 6410
1675, 7765
9614, 2104
5398, 5725
6795, 7995
2278, 5828
645, 7046
622, 7234
6011, 2000
2579, 4223
4288, 6853
8584, 4478
9215, 7642
9700, 1526
3593, 282
9525, 29
8362, 6994
3278, 2899
4697, 2950
7340, 5993
4110, 5966
2710, 5917
2990, 7392
8307, 8579
8609, 7467
5573, 9025
1925, 381
1539, 695
7115, 1778
1924, 9049
9999, 5721
2487, 3402
8390, 6453
9968, 2183
2720, 4845
9149, 8573
7420, 2000
2918, 7943
875, 5369
7155, 2745
9292, 9322
9719, 546
3831, 2520
8650, 7089
8757, 8515
7589, 2936
7596, 5904
2502, 741
4073, 3237
8852, 9698
2086, 1409
6876, 2123
4619, 629
1593, 5496
7440, 6659
9347, 5030
401, 8257
3198, 9430
7018, 7914
8243, 1665
3234, 8818
2124, 9990
3044, 8707
6056, 3218
4855, 8489
7134, 7051
2368, 8902
367, 9193
8062, 146
9940, 4241
3555, 9299
6262, 6096
9906, 6453
4189, 688
1443, 9479
3600, 8138
6580, 9218
6331, 6936
6746, 6806
3439, 3541
7877, 898
9667, 212
3553, 576
6968, 650
472, 8747
5898, 7753
4373, 9566
2466, 8377
5508, 3850
8936, 3669
9254, 5683
678, 6864
2768, 1656
4392, 8882
4370, 8781
4464, 1091
485, 9910
4869, 5298
5214, 6051
5868, 9442
1199, 5347
431, 3186
8573, 9350
5769, 999
9948, 6371
980, 4569
4742, 7538
1817, 1543
6218, 8903
9430, 3015
4785, 6395
1982, 2942
7581, 1657
4491, 6984
6474, 4834
7582, 3877
1126, 1358
9591, 2161
8557, 1312
1552, 9598
1372, 8740
6899, 6143
3559, 1463
1052, 3523
7271, 5379
5514, 7724
7867, 9494
9759, 588
1279, 8638
8086, 8556
5210, 3235
3252, 6584
3473, 2544
1095, 8921
5097, 9168
1403, 4512
8698, 1953
5931, 6316
3582, 1864
8261, 7289
5529, 1921
3574, 597
6019, 9776
981, 7952
9184, 2265
8636, 2703
6161, 5288
6384, 1101
3124, 6430
449, 4639
7414, 9402
7901, 6722
8, 8991
6096, 5748
319, 6055
310, 7195
7109, 3108
240, 9958
158, 8670
8293, 5102
9445, 9967
7472, 3144
9092, 7079
5223, 5098
8323, 8028
7948, 3335
7815, 8929
9948, 8505
1484, 1538
5140, 6186
3277, 2425
1044, 2687
3408, 2193
1404, 1634
5631, 9365
8242, 2314
9824, 1507
214, 6985
9639, 1554
5805, 8514
7249, 3693
9673, 6900
3537, 7963
7066, 6296
5848, 5884
701, 9539
6749, 5539
9218, 8408
5532, 9531
5052, 2093
27, 7655
2530, 7128
5447, 809
8498, 5079
77, 5662
2933, 1977
7780, 3429
7742, 3499
5848, 2346
604, 2051
5682, 6196
8926, 5970
6962, 4471
1622, 4554
6607, 6726
7078, 7629
9029, 1417
1095, 3645
1501, 7942
2713, 9605
2906, 4463
4549, 963
7663, 4025
7950, 7648
3647, 2036
2021, 334
3676, 3307
1372, 2717
7425, 7146
3202, 3065
811, 3463
3645, 9908
9570, 7007
3766, 8331
8133, 4718
398, 5048
5171, 265
9423, 5764
582, 5100
429, 2038
5274, 939
3611, 7549
6812, 6295
4009, 5446
2397, 6144
5083, 8650
7334, 4513
54, 9462
8453, 5356
8211, 7256
5845, 4099
6726, 6404
1948, 5088
7432, 1793
9933, 6114
2303, 1858
2926, 2773
6304, 1492
2885, 8764
3691, 1409
9371, 7805
661, 2815
5778, 4969
8051, 9
7203, 7574
8466, 4295
6720, 2411
5107, 780
7048, 856
323, 8268
248, 4400
521, 5448
9871, 164
7081, 9400
5546, 9661
2006, 5955
9806, 8085
3924, 4622
4597, 9170
7882, 2591
6975, 2128
7750, 9004
4265, 7930
1643, 1637
5467, 213
6950, 3723
9164, 5913
7630, 6507
3920, 1661
3594, 6315
1697, 6110
4012, 8128
5227, 7371
5979, 8090
33, 688
2302, 6908
5230, 2477
7396, 6412
3686, 1459
769, 2899
9531, 2362
9939, 3537
9611, 3490
1379, 1696
2758, 8212
150, 1011
3741, 4419
6131, 5980
1446, 2869
6511, 2679
4572, 8712
4516, 3286
2339, 755
1008, 2697
5354, 6938
7322, 3817
5833, 2237
5759, 1458
6330, 3230
3610, 9915
1876, 5789
9971, 3171
6898, 6626
670, 6378
2866, 8997
7908, 2185
2121, 1837
3487, 4655
83, 9188
6494, 7513
8585, 6740
4393, 1820
8587, 7392
9182, 9634
4365, 3793
281, 5903
8959, 3020
7987, 4479
9619, 4524
4225, 1951
5731, 4545
6334, 7652
9179, 3668
2227, 3771
7250, 2165
3330, 4766
5094, 2404
8546, 3536
117, 2825
68, 9798
3640, 5712
6180, 8353
7226, 7540
3435, 972
7174, 3575
7057, 6046
9566, 5003
2512, 7885
7208, 1360
4532, 5728
5363, 5099
5935, 174
5463, 8303
6233, 3672
5995, 8922
3604, 8496
3888, 2671
8061, 9637
634, 7483
6766, 3884
6574, 9830
9169, 6588
5927, 8136
9583, 3846
1923, 2326
8087, 1232
1514, 3928
7690, 4444
6095, 8040
8514, 3017
7327, 1928
1235, 7126
9047, 2800
1674, 7214
4514, 9795
5282, 1637
7375, 9566
1957, 4429
1569, 4604
7024, 661
4736, 1049
4383, 5311
8493, 7777
4711, 6876
7554, 4595
9682, 6183
4856, 247
7621, 9531
5794, 8297
1534, 1249
3351, 4642
6857, 442
2877, 8034
2786, 4245
4336, 7356
1636, 9981
5587, 5133
4064, 2066
1325, 5898
5674, 4723
5028, 2389
1485, 9285
328, 2315
8286, 9939
6133, 5998
2013, 8498
6828, 5690
1448, 9695
2732, 8470
6203, 7095
9130, 3369
4610, 770
8863, 8631
6255, 1197
9104, 6006
4230, 1891
2057, 1201
9365, 8312
1443, 9496
2481, 4002
3989, 6274
3068, 8756
1254, 128
563, 1272
1360, 1039
8900, 120
7280, 8634
6460, 456
5306, 954
4382, 2596
4170, 427
5584, 5298
7333, 252
784, 3780
6782, 7714
5796, 8156
4100, 8297
7966, 4748
6425, 105
4766, 2921
3181, 4609
369, 8843
2488, 6418
6408, 9092
2407, 1306
6803, 1642
5758, 1868
1068, 4211
7468, 5897
3665, 4316
2540, 2349
8793, 6806
9512, 7272
9431, 4701
1512, 119
8892, 5430
5543, 5070
5543, 9317
7462, 3365
2216, 3880
4442, 8700
9330, 8916
4529, 8892
7006, 9946
2834, 1372
9628, 3701
4658, 1868
2821, 5938
9475, 6274
6028, 1068
4631, 6783
9074, 6596
4818, 3660
1369, 8282
6045, 3350
1760, 7530
6407, 8308
8093, 3445
7094, 7249
5098, 2203
7483, 5562
1942, 3314
52, 7429
1723, 918
3243, 5467
3183, 2749
491, 1013
1124, 8150
194, 5343
5243, 5053
5362, 7403
6950, 3453
418, 820
2554, 7539
482, 77
5331, 2106
2268, 9222
1905, 2505
8645, 1210
2609, 4357
4274, 4984
2694, 3588
3480, 3404
3302, 2191
2396, 1914
1969, 5075
3321, 5030
1132, 3845
6831, 8018
5884, 5279
3896, 4917
414, 2828
7447, 6709
8068, 715
986, 2609
9817, 5459
7630, 3421
4165, 8836
9905, 154
7052, 8693
1986, 4225
4464, 5072
6132, 6076
8855, 3670
1474, 4994
9400, 6128
3117, 5821
8143, 5027
5665, 9626
1168, 367
3830, 6684
8760, 3093
3185, 7293
8574, 4242
7306, 3234
9161, 4396
2601, 9945
155, 7287
1194, 2226
9115, 8469
6783, 8711
4241, 1240
8549, 9689
3530, 9061
8190, 3273
8395, 5015
3069, 1408
1202, 6557
6625, 6924
1895, 9585
9401, 7335
8370, 9126
9173, 2325
3015, 7085
1869, 3626
1900, 9828
4331, 8501
5211, 6908
9555, 4877
7922, 9173
1523, 7719
5000, 2856
293, 3649
7706, 6689
8961, 7886
8131, 118
7151, 6606
7051, 6217
8379, 4506
1286, 1398
337, 9625
4573, 7513
6920, 2081
6586, 2351
3387, 1325
7884, 7287
9842, 6263
5355, 102
1967, 6531
6933, 2643
6532, 7112
4295, 2581
1826, 1804
9095, 7639
429, 2122
8958, 9717
4923, 7331
611, 1015
6411, 798
6307, 5575
4050, 8493
2012, 6895
1600, 286
6776, 516
9554, 6474
2104, 3609
8720, 8078
9270, 2770
1478, 7107
3820, 9590
1328, 5916
8466, 8639
5743, 8059
1826, 6818
2184, 5809
3080, 6405
1980, 4689
6566, 6546
8306, 3375
5492, 2119
479, 9850
3492, 790
5064, 7138
8260, 256
5759, 1128
5132, 9145
9993, 3586
2551, 4360
7408, 5127
1182, 6030
4388, 5245
2816, 6528
4732, 9740
9038, 5314
9210, 2654
8210, 178
2749, 5670
9728, 9726
7520, 3403
9365, 6676
5103, 3935
2252, 8660
5962, 3536
1936, 8723
8162, 9530
3563, 5023
4049, 9734
7964, 4122
246, 9060
3239, 7749
5485, 5872
5703, 9002
9469, 9652
3487, 7478
4827, 7050
3854, 1041
4477, 2732
2864, 2187
89, 2330
2977, 6053
5386, 1559
5372, 9145
932, 7025
658, 6312
175, 2811
2454, 1870
3952, 2857
229, 8259
5254, 7958
452, 8256
6479, 4837
2209, 1324
795, 7203
3355, 9507
4872, 1333
3966, 706
8220, 308
3846, 8497
4482, 5777
645, 2573
4027, 7414
5743, 6513
3941, 3675
7682, 4576
1594, 1506
9028, 5810
9743, 400
5765, 489
4781, 2696
547, 5950
1549, 7061
459, 5405
5739, 867
9789, 5018
621, 4939
665, 3374
2429, 4042
8790, 6322
9122, 6700
5458, 3894
5869, 6170
4259, 6015
4527, 6333
1275, 8667
8264, 8478
9562, 5250
4810, 717
7373, 8539
1436, 8601
965, 5288
10, 8642
6627, 3167
1210, 6617
1551, 2437
4345, 5008
4103, 2745
3108, 35
4260, 8107
3059, 1891
6617, 6135
8735, 8299
8725, 6290
2645, 7793
3879, 4000
7586, 6523
3377, 8159
2974, 2090
2389, 4275
949, 5864
1261, 8127
1920, 4698
1863, 2173
5843, 1953
44, 1530
1055, 3395
8482, 5265
9351, 4257
9655, 3010
32, 5093
1294, 9167
3346, 9611
3206, 9171
6699, 2968
9478, 3247
5587, 7579
7781, 6466
3850, 5070
6773, 4229
9421, 2552
5968, 5888
999, 2163
3898, 6796
7956, 9462
9798, 5382
3297, 2286
9301, 6253
6383, 3438
9464, 6024
6535, 5727
8695, 8919
1911, 7765
3355, 9316
5386, 1665
4357, 981
9062, 9388
7218, 2178
7727, 4199
1989, 7917
1545, 5628
4740, 4483
9259, 1824
5168, 845
5406, 3127
8123, 9075
8612, 3156
3710, 8606
4454, 9164
6594, 8344
774, 7510
988, 8931
3315, 8065
5222, 6050
3547, 7266
3208, 72
5291, 4056
262, 6875
3025, 7038
3059, 4884
4466, 268
2371, 8423
4680, 9882
4094, 6697
8563, 2067
9808, 994
9489, 881
7437, 529
2904, 1275
5506, 5062
127, 5400
1382, 336
525, 8030
5936, 9316
4489, 2252
3634, 6710
6400, 8528
6355, 7655
6502, 2342
7499, 7852
5235, 1933
7975, 8503
6559, 8567
2684, 3684
440, 2734
4408, 5377
5327, 4318
7956, 9002
2819, 4818
2101, 5601
2390, 2830
9282, 1895
1564, 5207
9392, 4313
1521, 8794
2105, 3546
1418, 7648
1068, 9801
419, 3756
5086, 255
7416, 5517
9197, 5975
5984, 4263
5396, 1546
2675, 4632
2987, 8326
7084, 1834
454, 6682
6649, 676
5550, 1601
9039, 397
5629, 3096
9371, 2926
4243, 4638
4163, 370
4741, 2663
9355, 1646
7861, 1372
100, 103
8076, 1395
7118, 8244
5908, 2663
2766, 257
339, 7620
7979, 108
9233, 9393
1299, 7728
8122, 4506
4074, 5660
8799, 4472
7026, 7568
6055, 6528
1766, 3235
8771, 2917
3232, 4403
8928, 6138
4043, 4266
2021, 9640
7458, 1993
2523, 3800
8407, 8500
6013, 9326
496, 8377
2277, 1555
5356, 3119
9126, 8125
1844, 3255
4072, 5197
9788, 561
2605, 4820
7928, 2206
4258, 9123
27, 7917
7746, 9678
8795, 2501
1588, 8939
4225, 4462
1349, 2829
7052, 1868
6704, 5304
5237, 9673
3114, 480
6525, 6957
9242, 8547
1474, 2380
1557, 6063
881, 6093
4472, 4497
4677, 5683
5038, 7387
6637, 1130
6562, 9713
6492, 8127
4558, 401
2042, 3756
5649, 2652
1752, 5791
1392, 2421
7841, 6294
5155, 2597
859, 5049
9872, 4329
7853, 243
3893, 8457
7499, 638
7742, 3925
8908, 7275
951, 9342
4269, 2283
7020, 7614
8190, 4365
4508, 2149
8121, 5908
2603, 6529
7348, 5380
9030, 8937
1276, 7674
7890, 5814
9841, 7477
5421, 9470
8465, 3668
6790, 6015
3180, 5596
9417, 4725
3207, 582
1986, 3176
4892, 3044
1779, 6853
2862, 9454
6689, 1302
4218, 3326
840, 2257
2921, 3107
6718, 7066
2418, 5302
1717, 2950
5836, 6167
5130, 7117
8785, 7778
8187, 7067
4158, 4260
3222, 67
7336, 1652
3996, 7024
8888, 5216
8804, 9258
7495, 1941
3307, 7697
8772, 6042
9002, 2697
4674, 3994
2976, 3827
6591, 8764
5150, 9859
207, 5233
1169, 515
3496, 4985
9706, 6980
7893, 4386
9098, 4587
4510, 750
4761, 1792
3375, 719
405, 2655
8548, 6946
1256, 7832
6630, 3814
7586, 1001
6959, 9639
421, 4134
3706, 9163
8992, 4290
8038, 7288
1059, 6477
6073, 6016
4417, 122
1521, 539
8996, 4268
150, 5616
634, 5564
3579, 2975
2300, 6426
835, 3181
7616, 1453
8256, 1564
9812, 5640
6038, 3462
907, 8364
6287, 1591
5381, 7924
7095, 9173
1350, 7857
9784, 6493
6760, 7874
4528, 6986
1244, 3871
6205, 7556
4204, 8914
667, 2467
7996, 691
1877, 4079
4159, 1855
5591, 7670
7046, 3444
6836, 4920
6867, 1724
7267, 5443
2876, 7907
3492, 6246
3435, 5350
2913, 8500
8321, 7082
2800, 4247
4730, 4790
7300, 9565
8780, 7583
3250, 5204
8138, 5742
2914, 6414
9766, 6399
9580, 1409
6786, 9273
6097, 3758
4935, 6389
7452, 4747
5231, 1597
4877, 5199
1452, 770
9413, 3722
9596, 1801
8897, 7551
5684, 1748
9533, 2878
7273, 5129
4473, 5266
5341, 9985
2329, 6836
7879, 2335
8982, 5306
7131, 4666
7874, 8240
7145, 4633
3480, 6321
482, 7547
6594, 5042
8932, 5488
1989, 8587
3574, 7223
6263, 3235
4735, 6996
4049, 5783
2178, 7885
5503, 8358
3875, 9074
8260, 1132
8109, 119
5882, 1401
7708, 2256
6023, 6190
7925, 4392
2235, 2883
8150, 8989
2518, 8039
2024, 443
1286, 4005
5169, 4723
3710, 5200
998, 2424
4131, 3819
3389, 4103
4032, 5448
3904, 4160
7305, 2410
4510, 6341
2460, 4456
4283, 8846
883, 6209
2072, 1430
6214, 1431
4621, 5445
3166, 9354
6419, 9435
2421, 7074
5326, 5702
4392, 9767
9864, 2352
2526, 1632
153, 2713
2466, 5767
5825, 7436
604, 902
8072, 3312
8383, 3856
6156, 1981
5003, 414
346, 4329
3346, 5252
7337, 5119
584, 3872
7471, 3274
7347, 7294
1303, 8851
4914, 1931
7146, 7589
1450, 3860
4650, 1465
876, 265
8878, 931
7442, 1556
6535, 5208
8280, 2656
4242, 9403
9847, 3576
2678, 6898
3164, 1454
3981, 4217
3560, 9412
8767, 3267
5696, 3738
633, 7625
6533, 3572
8029, 2257
4190, 951
3251, 4155
4065, 5873
4317, 3978
1969, 1682
8265, 6126
2128, 9451
431, 5098
1446, 913
7546, 2663
6794, 7885
180, 228
2349, 403
8169, 8824
86, 2589
1485, 7942
4807, 9988
8074, 9484
319, 6875
4226, 4472
3401, 9559
7779, 3142
1138, 1903
3400, 4907
2424, 5004
9068, 2071
9549, 780
8313, 1835
1835, 4842
5807, 2503
7890, 738
512, 5886
8204, 2803
551, 1129
5265, 3125
3865, 4292
8438, 4260
6469, 5817
4049, 4121
3349, 3847
5079, 3827
7366, 4750
2951, 6775
9491, 410
5679, 3329
5741, 5146
6972, 5494
4584, 8908
8367, 6552
143, 8263
2218, 8117
9080, 9972
8187, 9740
5953, 2393
4303, 6076
217, 1203
7928, 7803
7036, 6688
4137, 5584
2007, 9799
2718, 1983
6057, 8964
2504, 2654
3514, 4372
118, 4616
1701, 8361
527, 3741
1825, 2858
4188, 3523
174, 1771
3523, 6750
9434, 8772
6973, 2600
2195, 464
7881, 6093
7958, 3252
4186, 709
3447, 9706
9227, 1982
2810, 4698
5571, 4646
2317, 7780
36, 8594
9544, 60
6029, 4174
1773, 7554
5199, 610
2410, 6397
2364, 7709
9310, 5235
3003, 9664
7511, 9991
3657, 4441
5065, 9632
985, 1675
427, 8034
9020, 3190
3020, 316
7356, 7097
4355, 1885
9186, 864
4196, 4659
9175, 4507
5134, 1538
6264, 5214
4033, 8445
3954, 2094
2925, 8227
9309, 2655
6197, 1385
325, 6039
5234, 3873
8788, 349
6069, 8404
2123, 1684
1028, 7857
4351, 8366
2950, 306
2640, 9775
6425, 9975
3076, 8559
5360, 1905
8963, 9803
3243, 2269
6587, 2649
6238, 1626
7028, 1862
7812, 1657
334, 3583
5212, 5953
470, 152
193, 8540
7112, 3067
8119, 402
9070, 3920
2273, 3248
1830, 2325
6496, 5956
5233, 4667
4166, 4455
2248, 2878
2121, 23
4938, 6366
9314, 6096
672, 8030
1541, 7335
7537, 8089
3035, 6627
6289, 4540
9691, 1128
7332, 2803
4552, 1825
6321, 2132
9396, 7049
2465, 8626
2226, 3751
3255, 847
6536, 4484
4073, 6418
5379, 2761
5100, 8688
4197, 8265
31, 1866
409, 313
8974, 3539
9543, 5912
9686, 8893
3939, 7711
2008, 15
9664, 8006
727, 452
4146, 7407
6251, 9442
9953, 8915
104, 2982
9033, 7688
4312, 4505
3839, 9884
3237, 8481
2494, 4177
3411, 1911
2590, 437
8058, 6352
2614, 2780
2433, 8170
7017, 5340
6645, 533
508, 1989
5530, 8635
7431, 8171
8281, 605
5946, 9026
5575, 8924
5559, 6612
7126, 6897
6381, 3985
9396, 3513
9189, 6564
5681, 4913
1285, 3854
4271, 8986
5025, 1026
1250, 1464
946, 1116
6038, 7373
7343, 9166
4608, 6477
5848, 3625
2525, 5053
97, 5444
4214, 3533
9883, 1004
3813, 2463
7646, 5225
4193, 7876
2227, 2552
966, 3570
2911, 7674
6944, 5715
8249, 6216
3125, 2748
5020, 2833
658, 5592
9127, 2979
9038, 3633
4370, 7137
1115, 3723
9484, 6471
6522, 1453
7855, 6471
7038, 652
8533, 7294
4057, 86
7556, 1929
3555, 3688
5748, 6702
3674, 285
5474, 4952
1971, 8195
5005, 8562
9821, 1163
8541, 7071
8998, 1085
867, 7460
5720, 2102
572, 9315
4667, 2623
3967, 7509
8622, 8827
4742, 210
3392, 3324
905, 448
329, 2323
4693, 9574
9158, 3202
5820, 3004
1568, 4352
8758, 4225
6942, 2744
9126, 9257
2017, 6078
5111, 3313
653, 1296
2549, 799
7224, 8036
5192, 4555
6315, 6580
8538, 9108
4405, 4818
5546, 8752
5295, 5914
1017, 1476
1642, 2963
1026, 92
7828, 705
9655, 1832
6458, 3786
8648, 6130
3338, 434
6219, 9046
782, 4453
8407, 4610
4844, 9261
948, 5071
5780, 1082
3443, 6989
2776, 7150
7327, 8984
8852, 9092
7007, 1770
4267, 7415
4552, 301
9020, 3953
5662, 1963
483, 8625
7867, 1476
972, 4199
8777, 4427
115, 159
3417, 445
6167, 4791
4790, 2191
3101, 1343
5443, 7844
9328, 4460
4577, 3624
5158, 6633
7885, 6859
7085, 763
9030, 5741
2933, 7423
2908, 6674
2103, 5411
8196, 4259
4003, 14
3224, 849
7096, 9644
7051, 8806
9851, 6905
1450, 9594
282, 4825
302, 4991
8683, 8578
2574, 3369
2062, 5688
4146, 2861
8465, 7987
7186, 2165
2450, 1294
4924, 3086
5967, 8062
9845, 3022
4361, 2445
7143, 4581
1527, 5362
9048, 2015
9511, 8831
4043, 8178
2527, 3911
5424, 9179
2642, 2041
9542, 8575
3870, 4878
497, 5281
2850, 2555
2375, 767
28, 1395
7540, 1417
704, 4189
1277, 4416
5461, 7293
9265, 2054
3194, 5985
8812, 7591
5254, 122
2325, 2979
2685, 7333
3687, 7240
2958, 4149
1373, 4152
6601, 7759
1254, 3164
3758, 4994
6297, 8181
3841, 6097
9458, 2154
4889, 9166
9913, 3
7336, 2852
4756, 1569
2084, 1601
9779, 151
2036, 1006
8169, 281
8967, 1869
2202, 9648
3309, 7102
9904, 1496
3465, 4638
8568, 3126
5646, 124
7273, 3768
5655, 9769
8308, 4715
6627, 7228
3063, 2899
8461, 5503
4188, 4651
1289, 4057
9903, 4713
4795, 1961
8524, 205
6465, 6155
5462, 2230
1729, 8426
3749, 4001
5133, 1187
2215, 7535
1922, 514
7063, 7089
7153, 1308
8090, 771
8084, 7016
8742, 4690
7618, 9258
6077, 5771
4926, 8956
9607, 3954
8490, 7499
3231, 6619
3017, 5772
8452, 3913
9873, 4554
8111, 6545
5039, 5086
308, 4474
8405, 7433
5761, 579
7791, 3136
5363, 3904
4419, 5828
8120, 1987
3302, 1004
4832, 5507
5179, 7858
5101, 6172
4358, 3240
4649, 7171
9327, 7781
8678, 6195
3298, 1327
6768, 3465
1843, 7286
9247, 7880
416, 2187
3433, 8074
254, 3084
1108, 3444
165, 8733
9721, 4629
3832, 4883
6996, 2363
2204, 8672
776, 1458
5802, 6055
8239, 3321
3087, 2475
6783, 9026
6880, 152
8217, 198
1115, 5501
8858, 2867
9865, 7589
436, 9764
6752, 3425
7783, 6859
8085, 3091
2681, 9581
9886, 8522
6117, 9242
9078, 7493
4271, 8423
8921, 501
5365, 8362
831, 851
7250, 1089
598, 2955
4636, 9840
8935, 2804
2989, 4917
8827, 6461
9166, 3194
4663, 390
5759, 7718
2210, 3592
8276, 9296
7719, 3602
8186, 9409
4182, 5281
5559, 7460
7108, 3211
4046, 1245
4515, 4440
5282, 4276
3629, 1421
8274, 8941
5482, 4550
1475, 8197
7649, 8224
8859, 5290
7802, 1504
5689, 7319
6882, 7939
8627, 443
4248, 2227
7703, 6981
1844, 8627
5987, 4558
1655, 6952
6400, 7763
1310, 1139
5944, 3902
3952, 2447
4824, 7168
2919, 2435
6417, 8557
1307, 7573
5929, 4915
921, 4524
5838, 424
6691, 6560
6426, 3520
7122, 8272
130, 7576
2886, 3839
3657, 2610
2254, 1244
6802, 3933
9698, 5244
8931, 4320
7389, 3974
8420, 7523
2649, 7947
2694, 6729
8851, 672
6784, 94
5757, 8874
3541, 4681
6162, 2405
6034, 6623
1476, 3569
7715, 1812
7953, 2617
6677, 6814
3444, 6257
8086, 8376
6536, 2203
5865, 6175
5879, 214
5893, 3229
1889, 7013
4861, 9839
9304, 3703
2186, 1541
1464, 375
1189, 5606
4292, 4050
6801, 4510
7020, 9505
6484, 7861
7130, 8946
6406, 7292
1323, 6295
2579, 7719
5227, 7083
6763, 6242
7513, 28
2248, 7889
42, 186
1471, 6552
5849, 1498
1039, 6083
732, 2951
1591, 771
3777, 4710
9620, 8886
3176, 2804
2728, 4865
7050, 6398
7942, 2285
727, 4956
9722, 956
9246, 4492
2262, 3670
9221, 9511
1542, 6132
3752, 2978
8917, 5176
638, 4514
6793, 4439
935, 8300
9321, 5941
4417, 8553
4014, 2939
7018, 5587
6791, 1398
1872, 991
7383, 5263
7412, 5719
7178, 9923
5565, 1634
1733, 9775
8121, 466
554, 1290
894, 2249
1387, 5311
5887, 2585
5926, 7541
186, 3799
1934, 4557
2702, 9963
2106, 4919
5562, 2215
1479, 5568
1168, 2657
5929, 7964
6664, 1471
5614, 877
2977, 254
3923, 7678
1954, 1887
5696, 7742
9215, 8703
8703, 9788
1175, 9745
6315, 9067
4154, 1162
7586, 1218
4648, 2312
6940, 4531
2437, 6208
4566, 9941
9112, 8147
1831, 4209
9810, 7756
8244, 1910
5740, 7384
4286, 7385
1402, 1251
1353, 3036
6796, 2011
696, 3577
562, 7955
9364, 6060
4431, 6006
5420, 2443
55, 2022
9430, 5314
8546, 7232
3603, 3359
6946, 9374
208, 2391
2545, 4489
7448, 4611
804, 1944
56, 747
5916, 6169
2059, 5548
6571, 395
4899, 2009
1635, 6390
8441, 5132
6890, 8536
3900, 3127
4778, 636
4949, 1036
853, 2553
4651, 2533
1189, 2884
4994, 3232
785, 4835
735, 6363
92, 9136
9126, 8088
5928, 7381
3716, 9373
6744, 4442
2697, 7387
2579, 3129
557, 1464
5748, 7594
179, 4875
413, 4624
6219, 7380
1692, 3071
4049, 7669
6214, 568
3458, 2369
1936, 5410
5663, 2608
893, 1495
8971, 252
7058, 7976
7678, 7371
4645, 814
1516, 1753
1299, 2494
1856, 5169
9632, 6184
8177, 8967
2281, 6413
87, 1893
5606, 8666
6870, 9953
7868, 6341
457, 3496
1807, 9011
3563, 601
276, 7235
5454, 9264
3476, 8219
5118, 8237
8476, 7453
8383, 6336
8578, 5157
6691, 3060
2434, 2626
89, 8581
742, 4142
1647, 3807
1412, 3292
6072, 1781
8641, 8941
8968, 1754
7043, 4383
5484, 3375
1092, 227
7142, 794
7459, 649
2902, 5727
9237, 6202
6021, 5566
3897, 4082
9883, 40
4632, 8616
3040, 9167
4523, 7611
639, 6346
2839, 1034
3079, 7121
5907, 3424
8059, 1643
8362, 7323
4601, 4546
908, 1432
728, 8864
6911, 3644
5402, 4920
8691, 6737
897, 2051
6962, 3995
7038, 9525
3110, 1670
7348, 5083
2901, 1726
9003, 8484
9816, 5770
1713, 617
1417, 998
6075, 4586
3946, 9292
4585, 263
35, 9615
9687, 7799
4147, 2211
2863, 5017
7064, 5004
4668, 229
585, 6705
2634, 765
5664, 8237
7337, 5573
7861, 6242
2081, 9004
1110, 8106
2735, 3974
9315, 3131
5677, 6104
2021, 2198
3423, 8912
5871, 4861
8762, 8846
5180, 6286
8031, 4514
4664, 3617
2885, 2387
507, 618
5877, 9833
3152, 3770
8383, 7161
723, 9625
3081, 1434
9641, 6408
2424, 3416
5050, 1494
5047, 7765
7737, 1761
9236, 2439
4916, 9175
4602, 6370
6790, 1384
1609, 7586
4666, 8297
8210, 3236
1211, 3480
8526, 1154
9430, 4727
9439, 7610
2049, 9751
4222, 4763
9653, 3795
7346, 8699
8870, 9445
7490, 2439
9507, 7625
9618, 5831
4809, 7628
650, 7821
7826, 7280
3269, 4923
1931, 6303
3716, 7006
6835, 5609
8978, 4794
2590, 7565
163, 259
714, 4624
9669, 7766
6713, 7324
9, 114
909, 9224
9307, 2054
6371, 4896
1868, 4504
1461, 9137
9425, 4783
8403, 6067
7220, 7614
3132, 8563
7448, 7918
4086, 3164
4539, 631
77, 5426
8420, 7466
4504, 9499
7755, 8445
9319, 9017
568, 5988
4777, 40
8275, 6264
7466, 657
9418, 9335
3769, 4377
5218, 4457
5895, 4873
9189, 6186
5419, 8730
10, 2184
5827, 8988
6466, 7515
4709, 676
4141, 9227
7140, 5696
8669, 3651
958, 2024
227, 3377
8818, 5283
6182, 4534
6831, 8371
2754, 2912
7879, 5246
796, 1633
9778, 1898
6740, 9052
1567, 4052
3539, 2396
2277, 6828
1588, 2145
5272, 6961
5039, 9016
9656, 3765
6480, 7925
4947, 7916
4086, 3712
7450, 4263
5544, 4937
3344, 4071
3906, 1721
2591, 1888
957, 1127
3317, 8652
3788, 4131
4924, 2536
3090, 9266
7496, 8191
370, 1015
2809, 2401
3006, 9370
80, 2448
1089, 2328
6237, 4951
7576, 87
2567, 3560
3258, 868
4629, 2144
7593, 75
2074, 3464
7969, 66
398, 8731
7789, 7043
2582, 2863
1465, 6628
6070, 770
1393, 5716
3581, 9010
2648, 5140
6734, 2345
1990, 9295
7695, 7716
2121, 488
8586, 7918
7068, 3759
2785, 4957
901, 2111
4430, 6057
9783, 6439
6392, 2884
5160, 803
3474, 4731
9341, 2918
4094, 9368
9250, 3014
5407, 5520
8694, 1460
1260, 2544
418, 6071
5280, 9679
6970, 7092
7358, 3823
8156, 9228
8369, 5110
6, 6914
2514, 8660
4228, 5159
5363, 752
8039, 2596
1208, 8499
2993, 5683
1557, 7360
3244, 1035
6978, 7023
906, 3846
636, 2149
7751, 1056
3141, 6994
5307, 3262
9387, 6758
396, 2185
5718, 4608
6705, 7174
8795, 2869
6353, 3395
4574, 6906
5081, 1440
4100, 9742
1772, 9367
1446, 6678
8181, 7065
8642, 2822
6280, 6519
3547, 9401
4518, 2490
5776, 9342
319, 8895
3834, 767
5314, 3554
2287, 6382
7184, 9830
8660, 5583
1439, 4655
16, 8012
3402, 2444
699, 617
2086, 1044
8725, 1765
3279, 4316
4275, 6617
4640, 2146
1172, 2432
6098, 8953
7153, 6195
4092, 577
7507, 3632
2520, 1954
3199, 8070
5574, 1061
6972, 8608
3306, 5103
8742, 4811
6657, 6891
9114, 7942
1329, 2851
1553, 4533
6894, 9979
8458, 5458
7384, 9242
5184, 5761
8626, 2133
3531, 158
6062, 3450
8322, 8693
4163, 4502
9502, 1501
6897, 4467
4457, 6146
6171, 3986
4613, 8717
4995, 1136
5162, 8035
4867, 5128
4359, 3959
2999, 5942
5530, 7788
7145, 9331
762, 4699
84, 6082
2689, 2590
9882, 1573
2872, 2007
7361, 2429
6026, 1759
4968, 7500
1306, 8703
8807, 1929
641, 9540
3748, 8383
7359, 707
898, 8114
5651, 3321
756, 5103
9173, 6877
8928, 9743
1713, 5461
478, 9368
6046, 3906
5279, 7488
2780, 2809
1675, 1967
9197, 718
1842, 2319
58, 7359
3060, 3059
5494, 4330
9373, 9409
3919, 4364
8056, 4829
8096, 7895
3892, 2500
5252, 8752
3460, 7586
5046, 34
8751, 4688
9972, 4466
6136, 3533
8257, 2576
7449, 8760
2777, 4854
9448, 903
991, 7392
6972, 6344
9907, 5625
8072, 4801
3983, 7854
6773, 7189
5280, 6432
543, 102
9042, 4188
6678, 9378
164, 4799
1812, 28
2411, 5032
4158, 9671
1139, 3070
2964, 9441
1135, 5754
1890, 234
8689, 2403
3929, 5759
4182, 5268
4680, 2599
9369, 9804
6771, 9018
9559, 9682
6070, 9193
5650, 1779
883, 8894
1391, 970
4455, 7073
8027, 4170
4346, 1763
7050, 9963
9013, 1099
5072, 2110
8366, 6027
1512, 5087
8895, 4718
6161, 3206
3174, 4640
2409, 1802
7109, 1626
8434, 3763
5640, 2808
7825, 2234
4726, 4729
7461, 8335
401, 4931
9396, 9687
6552, 6992
8305, 7344
2940, 665
2026, 1490
6096, 813
3710, 6675
313, 5117
7324, 679
341, 6168
3942, 7027
2584, 9646
5028, 3916
8481, 4499
8965, 2289
7531, 6227
6705, 5842
3983, 7180
1322, 6107
6119, 4812
5456, 3776
6189, 7224
1683, 4919
3618, 246
4787, 2525
1755, 4743
5956, 3254
1990, 132
2606, 1829
8986, 3796
8480, 6003
4316, 9096
9684, 224
6750, 4404
4798, 195
594, 5754
2494, 9872
4396, 7283
6565, 8901
4197, 4925
7044, 4944
4460, 8604
8911, 7729
2887, 9710
4641, 4727
5175, 6656
1417, 1850
7785, 454
8034, 5413
1449, 5451
4225, 7774
8673, 933
5575, 6435
7248, 8355
8710, 2674
2246, 4903
8881, 5189
9050, 9866
3180, 7480
670, 8224
6642, 536
9675, 377
1189, 6394
2246, 1329
1599, 3253
484, 3637
7911, 3294
3114, 9282
9328, 3886
3644, 1708
6172, 3762
3239, 407
2718, 3310
843, 6678
1501, 7294
6608, 1934
2244, 155
3753, 9558
9878, 5703
2758, 5229
4847, 901
9907, 4071
821, 9847
7918, 9445
6285, 2630
1718, 9745
3083, 8792
3199, 7603
6177, 2033
5538, 451
3672, 7576
6336, 1580
6093, 6084
3447, 152
5458, 6820
350, 4429
3797, 8968
5786, 4468
2990, 1439
931, 5779
3202, 9597
1697, 6070
2917, 9033
4720, 510
8412, 6801
8226, 4837
7920, 6554
8355, 2781
9999, 519
6248, 9173
9132, 7349
4449, 3991
7351, 1826
4829, 6993
6487, 2408
7341, 6782
8051, 5049
2689, 1024
912, 360
9502, 748
4469, 9970
8129, 1233
1482, 7719
8813, 6006
8927, 7321
9104, 5232
6649, 3904
2596, 5454
8231, 3655
1521, 113
594, 294
2143, 3066
8563, 3469
5465, 6530
5951, 9354
702, 8816
9341, 4232
7489, 747
6921, 6340
9121, 9004
1201, 7100
7666, 9310
6908, 9607
8314, 149
8330, 3947
1400, 9720
8245, 9503
942, 1405
1447, 7293
111, 9936
663, 2067
9891, 1311
2635, 3703
9032, 2565
6705, 2149
2435, 561
1240, 9830
3332, 1906
9129, 5870
8024, 6658
19, 6866
3687, 2971
1620, 293
6877, 2906
5859, 6622
2374, 8111
8154, 7159
7618, 8606
6706, 6260
2041, 6085
5414, 2733
7560, 4970
7465, 8682
9769, 2993
8260, 4171
6113, 9767
7400, 8305
5330, 5038
1697, 3036
1297, 1733
2139, 2706
418, 8770
2622, 2521
7503, 479
8101, 1521
1592, 9439
1965, 3233
3604, 9579
8137, 7868
757, 8478
7058, 5744
9050, 9929
8923, 9499
7230, 8579
6978, 1450
5277, 6193
210, 9999
2855, 6526
8230, 4510
4061, 9511
601, 7508
9113, 2726
3113, 1333
170, 4808
3305, 2528
348, 7581
3701, 9393
9542, 6924
5361, 5636
1885, 1536
8858, 2976
1110, 7668
2302, 1288
5417, 1702
7399, 7017
9473, 9466
3442, 5648
7039, 350
8862, 9372
5598, 4677
112, 7211
4210, 3075
6084, 9108
554, 4964
7389, 6432
8628, 473
9005, 7205
4639, 2720
1809, 7616
6332, 1038
1956, 9503
5838, 4396
7492, 9737
9264, 764
1729, 7163
7094, 1558
3377, 2751
6123, 5267
3520, 9786
313, 117
1221, 9939
8520, 4817
5968, 8603
3101, 7642
8240, 3054
7380, 6699
6273, 4868
153, 7201
9314, 803
2159, 3555
6276, 2997
8899, 2255
9407, 802
6603, 1426
2303, 1834
4472, 4707
4795, 81
5883, 1372
262, 8359
5572, 2662
62, 9907
6485, 8113
7986, 6283
4645, 7021
3185, 7555
2208, 8407
5085, 6175
2364, 3843
1583, 1351
9254, 2723
2324, 6566
9259, 9441
3780, 8367
1267, 3247
6803, 8653
5271, 1976
8225, 6772
7875, 1986
7868, 8457
7126, 9859
5589, 27
7863, 3293
9584, 5837
5938, 9080
7269, 7890
5728, 3786
3075, 3315
9893, 3461
5428, 3919
7522, 4461
4060, 5088
2714, 2756
2171, 1622
2, 3396
7282, 2322
1298, 4265
9426, 7057
7192, 889
9199, 2387
9644, 1440
148, 9223
4765, 4364
8833, 9925
1882, 3874
3183, 263
6365, 7339
5955, 7093
9778, 798
8289, 555
6566, 4235
6680, 2394
715, 6721
4347, 7768
2327, 5981
2544, 7796
6891, 1617
2129, 6090
6193, 8188
512, 8719
4879, 4155
5496, 5146
9817, 4508
4142, 2703
7315, 6906
4503, 7817
6243, 6250
6146, 7556
3525, 6561
4102, 660
8888, 288
1510, 6741
1590, 4589
6897, 7264
7121, 2879
3063, 1270
9288, 277
6212, 4284
5769, 8276
6673, 3331
8272, 8284
3648, 7011
3630, 5093
8869, 2628
2757, 4235
5, 6585
3151, 7315
4694, 2153
3551, 1673
1397, 7755
6863, 7304
6823, 4045
152, 5573
2935, 2737
3968, 4616
3390, 1845
9774, 8647
7585, 6286
5241, 3553
4772, 6192
3726, 8292
5069, 6619
5008, 9100
9139, 4182
6474, 3273
1556, 4609
4880, 7019
3478, 3802
7316, 2509
5077, 9262
1540, 8171
8667, 1577
5296, 5233
5502, 2012
4969, 4849
5316, 8250
4293, 992
5073, 5711
9615, 2174
2353, 1805
5996, 2017
5105, 7509
2856, 5405
6919, 7502
5567, 3202
6242, 8293
3383, 6465
5323, 1474
9451, 1820
9307, 898
7298, 6058
8455, 1318
1294, 51
4071, 9336
3073, 9998
6292, 693
7608, 1061
6751, 5211
860, 305
5054, 5632
7534, 5896
9937, 444
1295, 4063
5075, 1109
5442, 2301
1452, 7077
921, 7951
2883, 6074
8875, 5377
6705, 6873
7608, 9903
8785, 8992
5587, 201
4115, 7735
222, 3404
1935, 1794
3732, 2883
4215, 6854
3503, 7945
1926, 3717
9034, 6617
9844, 6680
4576, 6724
7963, 1240
9491, 1806
1444, 3400
1737, 7574
4347, 9491
7201, 1616
5185, 5198
5091, 8881
959, 3945
3606, 6278
4104, 4887
6315, 2
9384, 983
8582, 4402
2361, 4559
1532, 7678
4708, 9796
6664, 606
8740, 3737
4520, 502
7846, 5121
5221, 5184
2764, 3346
704, 2101
17, 7320
71, 8887
4856, 7683
1846, 9806
6029, 8559
7115, 9373
7629, 5918
8994, 9840
7985, 5908
9599, 5092
1860, 9374
3850, 7219
4726, 9887
6659, 2603
570, 9385
1271, 1098
2442, 7237
460, 5497
8394, 3167
9622, 977
1386, 4960
3308, 1294
4, 905
7092, 2543
6934, 3578
1323, 5958
3722, 5900
7889, 9970
6912, 3265
6033, 3799
9837, 5446
3646, 935
4364, 2641
3800, 335
6931, 1501
6958, 2288
3665, 1455
3438, 1385
7044, 5061
5512, 2942
3911, 8730
5968, 7062
9912, 8712
4194, 7750
6215, 5306
3216, 5782
9466, 7757
599, 2605
3277, 2243
720, 367
9911, 2003
514, 2367
7817, 3440
4116, 33
6703, 2724
6048, 5489
8120, 3017
9588, 3642
7715, 3813
1170, 1028
9647, 751
3942, 9197
325, 8866
6232, 2114
3137, 7741
6167, 155
9754, 2148
2038, 9137
1923, 5383
3299, 4988
4330, 1708
98, 8701
5758, 235
3752, 4628
1326, 5959
723, 6703
6013, 2084
2055, 32
8497, 4745
1939, 1402
6890, 3412
3810, 5400
2816, 1444
8110, 4746
7429, 9271
1135, 6573
1145, 112
3840, 2117
3212, 6100
9043, 3737
9551, 4594
555, 283
8868, 653
5478, 2787
3635, 4007
4510, 7544
2030, 4427
8661, 3322
5628, 5639
302, 2398
1362, 6500
3675, 7847
7104, 7924
1184, 1374
7591, 2647
374, 3853
1320, 3610
9532, 9245
760, 7549
7464, 9626
5311, 5646
2891, 5696
5328, 7063
6915, 2789
5283, 257
5818, 563
622, 8804
4539, 2735
4306, 3596
6165, 8059
9362, 6809
7752, 6404
7470, 1475
6220, 777
9373, 4440
3440, 1801
1769, 7956
9920, 2071
3300, 6828
5777, 7645
6041, 951
1254, 9082
5565, 5321
6740, 5450
5733, 7165
2162, 3216
5153, 5374
2378, 2274
5749, 7074
1565, 6241
1176, 6996
5843, 4484
325, 8668
4480, 9840
2799, 9165
4146, 6006
6562, 347
4950, 1721
1876, 9527
7994, 5994
9931, 1993
1517, 7266
3480, 4249
5619, 5947
1136, 4153
3669, 27
4396, 2595
6309, 4814
3814, 6394
7679, 1296
1924, 95
3290, 2884
5937, 6307
7054, 4259
7270, 9732
8768, 5332
8328, 358
5609, 3700
2523, 9519
6837, 2003
4933, 5006
4006, 2283
3965, 5353
3273, 3101
9505, 9522
1344, 3066
5527, 1190
2030, 6074
2236, 6674
66, 1725
2968, 242
7595, 972
6738, 8471
8986, 1083
6239, 3619
6788, 3085
918, 4644
3158, 8052
4847, 9900
7619, 1139
538, 8297
537, 6642
3741, 7189
1906, 1598
7141, 1788
6966, 4010
684, 6101
9934, 8694
6651, 3712
5715, 458
8871, 6138
21, 2927
280, 7856
568, 986
2871, 1517
3048, 4502
1589, 705
5549, 9133
9816, 4305
3209, 2530
1216, 4437
4415, 6846
872, 4035
6190, 1046
5321, 2933
8026, 7541
6040, 1624
4588, 9899
7263, 8516
159, 7234
3000, 2467
8011, 6408
710, 7904
8048, 1342
4382, 8462
56, 1852
803, 4738
9071, 6702
5664, 3182
8686, 95
9277, 7562
8930, 3025
3284, 4465
5228, 9398
7230, 7317
3761, 7551
1463, 9952
1426, 6638
1744, 3449
5766, 1353
1027, 9759
6450, 574
4592, 3525
9803, 7389
7398, 9466
4147, 8023
7582, 6260
2671, 8609
7537, 5624
9401, 5685
4506, 5272
6609, 9461
6262, 8505
78, 4604
6568, 5712
6739, 979
57, 2153
6668, 9885
7245, 6900
9367, 6000
8336, 3276
7024, 9953
5679, 2357
7269, 9258
6051, 914
5032, 9850
871, 3056
8899, 473
9659, 3202
9685, 9350
7906, 5993
2090, 7712
7110, 2192
3114, 3853
7276, 7522
7512, 7034
5137, 1720
6442, 160
8163, 4515
2184, 5775
2844, 50
3677, 1018
185, 8705
1307, 8638
4570, 3518
475, 3712
1970, 505
257, 4946
9245, 1207
4846, 7346
9281, 707
5312, 8432
6157, 9730
7636, 6057
1215, 7441
4428, 7253
1666, 1965
4587, 8953
3540, 3983
892, 8633
1989, 6258
6291, 1758
5323, 1954
6107, 2304
4819, 5491
5343, 6144
6786, 6331
7284, 5925
9049, 8317
659, 5425
7591, 5011
741, 1950
9176, 3607
5143, 2731
2555, 8158
7580, 1533
7746, 7362
2002, 4980
3330, 1226
5020, 571
3546, 1000
111, 1323
241, 2830
265, 6461
9416, 4510
1819, 4250
334, 749
919, 7233
9234, 1347
2996, 3523
4019, 6802
8190, 239
6756, 3601
2539, 7989
2011, 7716
2936, 6745
7768, 1449
7058, 2311
5779, 3361
881, 5485
6942, 1145
9551, 7689
3642, 3284
2614, 2399
2821, 9399
5527, 6151
784, 5296
9158, 8466
7423, 4100
2947, 4039
2298, 9892
4884, 46
4721, 811
9549, 6919
1820, 1350
4386, 3288
1760, 5633
3027, 5410
2445, 8474
7414, 7055
7300, 2852
6547, 2042
8726, 9115
5992, 6330
8952, 1742
9245, 5452
531, 734
7714, 4380
2711, 3921
3972, 2753
4544, 3619
8430, 8738
6400, 7643
6268, 9113
3612, 1797
7323, 4002
371, 7601
9245, 959
4297, 5303
1416, 1388
3522, 8996
6526, 5642
8521, 9878
1319, 26
5600, 545
7290, 7351
8514, 7483
8203, 448
6228, 4810
6622, 1601
5995, 2936
2649, 7806
5127, 4880
6504, 4139
2860, 1544
9306, 5195
6657, 4442
7049, 9683
3505, 2401
2167, 7161
2127, 4716
5459, 5246
759, 5426
155, 598
3568, 9251
6988, 864
6557, 6039
5701, 6118
7219, 1877
4761, 5251
4788, 2770
6370, 7339
4345, 2900
6515, 2012
4143, 7009
8150, 4031
2601, 4025
9125, 1051
6355, 1869
9796, 2678
8550, 2106
7002, 6649
8055, 4070
8593, 6543
5707, 3190
4163, 8297
3285, 3609
2452, 8513
3887, 4373
4799, 8089
2631, 9116
6569, 3440
4080, 2282
8289, 7568
6522, 6686
9017, 7
7308, 5235
670, 8271
4686, 3289
7810, 2620
1555, 5765
9691, 4162
5507, 8370
9397, 7409
2182, 2946
8514, 3998
1100, 2373
1666, 5631
2922, 3076
3453, 9938
8224, 7179
6541, 2746
1349, 5409
4713, 4104
1987, 9125
9228, 9122
2512, 918
8581, 7746
9745, 8623
2183, 8542
8003, 5566
8976, 4735
1428, 8736
2598, 1264
4875, 3067
8429, 8453
7224, 6662
8854, 2053
2518, 1193
8914, 4182
3773, 1357
3540, 4580
8340, 6319
2228, 6573
4276, 5622
511, 9308
632, 526
5644, 3007
8385, 641
8121, 6312
773, 2514
4084, 5645
2647, 6229
9655, 4492
7378, 4206
3514, 5182
5198, 5972
7548, 7590
7974, 3154
8988, 4455
8624, 2202
769, 4319
9787, 4198
5786, 6852
1607, 765
9952, 7050
2494, 7438
2951, 7454
6753, 1243
3443, 993
3405, 1061
5784, 7828
6380, 3760
1401, 9533
4183, 9619
4290, 4740
3657, 6687
2097, 7212
7439, 6521
9743, 7633
5628, 3894
4733, 5082
1801, 5234
8409, 7723
5401, 6413
9520, 427
139, 5346
2013, 8428
5929, 3684
6160, 4716
1117, 1480
8810, 8743
2339, 3578
9188, 5143
1737, 2861
3231, 5097
9410, 4626
5494, 701
9323, 8403
5551, 5018
8197, 3837
3633, 5131
4033, 2856
3952, 10
3145, 6645
8243, 9640
4891, 8003
6663, 1878
3905, 2717
7420, 3458
3771, 4739
6189, 1058
4079, 2580
5357, 2630
4790, 8085
269, 4525
5671, 5984
170, 4711
9889, 7820
7155, 4066
5538, 1317
8808, 7796
7861, 7672
7197, 6851
9512, 9582
3790, 4948
8203, 2226
8670, 942
148, 7088
8040, 2458
5520, 7467
7446, 7818
9924, 7995
5519, 8019
4370, 6146
4586, 1896
7830, 2138
7169, 2772
5008, 5629
4914, 1731
3196, 6063
5583, 1966
8749, 9916
9621, 2210
8360, 8458
7897, 6396
4268, 538
9006, 9459
7584, 1265
6564, 9873
3253, 5757
4026, 3727
762, 3959
7396, 9597
479, 6420
2167, 2379
4305, 9542
7665, 2198
7267, 8085
6, 8754
3662, 6950
8518, 9841
863, 7878
2954, 5117
1759, 3654
7645, 6920
9008, 6914
4375, 2973
8674, 9791
7187, 3442
1654, 6593
7171, 9869
2410, 8806
7402, 3648
7843, 8387
7879, 8642
3737, 4681
865, 7499
7676, 4275
9566, 9228
900, 5566
1710, 6201
2934, 4085
228, 6500
6882, 2392
740, 1160
9721, 6249
5719, 3918
2060, 4740
7372, 8799
5408, 2952
1434, 8662
3390, 3349
9152, 9969
6295, 548
8573, 5108
180, 2525
8171, 3130
4091, 3210
7237, 8970
2429, 1766
3898, 6530
9533, 4080
6458, 4130
2587, 3138
3005, 7063
175, 7913
1315, 8562
8881, 5024
8022, 3988
1556, 2733
5259, 8265
6259, 6456
2120, 4751
8211, 9700
1151, 2369
5449, 4619
2472, 6452
8805, 8666
3389, 8189
1403, 6070
4239, 4508
9442, 3161
1847, 8570
3654, 2269
8278, 7387
1240, 884
5789, 1215
1733, 9809
5785, 4155
5155, 3591
3174, 8798
5784, 7037
964, 4627
6597, 6778
9351, 5043
5184, 4418
3176, 1060
7791, 9229
441, 6481
9424, 8624
7702, 7703
1494, 5227
7799, 7850
9453, 158
7698, 8562
9182, 4489
6173, 3733
2927, 46
3505, 6050
4658, 9957
9306, 2327
765, 732
6571, 7680
2073, 7705
7006, 1677
3252, 6669
6761, 8206
9682, 183
6572, 253
3696, 6818
7751, 5721
2233, 2844
4505, 778
1217, 164
4386, 9942
9935, 670
7434, 2559
1351, 2439
7019, 2790
7493, 5936
1529, 8832
3494, 1849
6579, 3939
3776, 5611
6481, 6014
8498, 8753
5372, 5731
966, 6436
1165, 2433
2003, 130
6221, 2674
5488, 5803
5804, 7901
1362, 775
9118, 7849
5654, 4455
2479, 4784
1866, 3878
983, 3403
8357, 636
713, 1503
8375, 9104
6293, 372
9515, 4950
3837, 3166
8362, 4620
4037, 7114
8793, 2685
4132, 183
6722, 5489
6887, 286
5584, 3281
3380, 2383
3443, 1210
2571, 1081
6212, 926
9097, 1190
9731, 7345
6214, 4209
588, 6230
1103, 9445
3944, 7095
3358, 1283
2095, 1259
5717, 6783
2842, 7143
4409, 5592
4967, 7172
6683, 6690
1831, 8488
4738, 1138
193, 5844
9492, 1157
185, 6313
3876, 2253
1339, 2392
7541, 6665
3569, 9733
8812, 9648
8517, 7143
4339, 6234
9808, 5199
6922, 5947
5168, 6226
9336, 8029
5912, 5300
6784, 5609
4321, 4595
1999, 1233
350, 3085
5489, 3053
302, 9375
755, 5616
6187, 2748
371, 86
9967, 6246
1107, 5228
8086, 1803
4045, 6940
3758, 6255
240, 212
9067, 626
6745, 930
7847, 6702
7549, 1454
8118, 2144
8706, 1988
3672, 9184
2830, 6908
8504, 2190
3639, 3608
929, 6635
3081, 6154
4961, 6897
5350, 943
1781, 7344
3047, 7387
2675, 4935
2833, 5442
8567, 1483
4723, 1600
5397, 6870
4300, 6343
6301, 7327
8169, 1299
7469, 5377
1548, 9627
6880, 8299
6440, 7925
676, 9029
9961, 5878
282, 7577
6256, 5110
9382, 7973
5308, 2396
1798, 92
8372, 6955
2767, 3315
9137, 7880
6514, 5647
6713, 551
5182, 1160
1862, 3169
1039, 8410
8725, 8292
8005, 57
9305, 6871
9807, 9422
544, 7465
4294, 4210
3310, 6773
7782, 8325
9989, 6195
4823, 540
6870, 6254
3866, 9541
833, 1613
895, 1336
5145, 1153
6003, 6236
2787, 2954
582, 1234
1196, 9766
5530, 5058
1498, 983
3112, 4913
2123, 6656
2877, 6588
2586, 908
5202, 403
1808, 2619
5321, 4084
310, 7689
1795, 1619
4073, 3436
9118, 2612
8999, 4395
1964, 3989
5301, 5638
1695, 5178
4179, 7318
4672, 582
2695, 1937
4575, 3314
150, 6425
532, 4046
2257, 563
1540, 7378
3692, 3439
8991, 9167
7674, 6585
1670, 134
2820, 6714
7099, 1140
2520, 2715
3440, 7674
2142, 8376
7713, 2725
6998, 3245
3134, 8270
7021, 3344
5824, 8640
703, 8058
6173, 3616
9622, 1667
519, 2238
7856, 9577
1118, 9544
1439, 9101
4518, 3765
7769, 4698
4435, 3445
2880, 7250
8289, 9634
7532, 4423
5168, 6594
7252, 8467
684, 828
6156, 2133
6218, 1621
8073, 9673
495, 5718
863, 5058
6075, 5068
2251, 9894
2, 2139
3836, 8246
3643, 3856
3132, 793
4226, 8802
3485, 4292
1128, 3667
1183, 9272
1418, 5977
1582, 1047
8079, 387
5320, 3316
2458, 8650
8315, 6055
6224, 5143
3933, 9418
4611, 5979
6758, 3348
3309, 9902
4263, 4463
2937, 6039
2926, 3975
4747, 3429
4833, 3201
4911, 9512
9848, 8245
7390, 4559
3287, 6282
5342, 7631
9529, 2013
9569, 1964
4888, 2334
2429, 3223
6985, 23
1612, 3972
8453, 4921
9929, 2183
9889, 9604
2731, 4683
9087, 5891
7583, 8542
9213, 4626
7261, 7868
5339, 702
1741, 455
7883, 5703
4498, 4656
641, 6996
8084, 948
7354, 9795
9244, 4134
6713, 7851
9720, 1909
5483, 2608
62, 2874
5340, 4354
7741, 2048
7475, 19
9455, 4736
4680, 4739
4220, 87
8598, 2970
4712, 8567
1308, 2577
9387, 2935
7917, 3501
8769, 1960
5959, 8937
4744, 3781
8609, 4430
5543, 9717
9309, 8018
3151, 1345
5517, 2843
6697, 1596
9201, 9774
5934, 9012
2319, 4425
6262, 2644
4364, 361
696, 3955
2854, 4680
736, 9357
6020, 3590
6670, 6059
7045, 6003
2955, 1009
7397, 8503
4695, 9941
5054, 4510
5086, 1799
4347, 6307
5385, 3777
9160, 8088
160, 6716
5733, 4687
4221, 9772
8025, 9433
8924, 569
2179, 8200
9358, 92
8972, 18
5165, 1474
3241, 8069
6202, 8256
9436, 8369
3170, 4003
2425, 1351
207, 3570
6806, 3980
5210, 8483
4284, 777
990, 6566
3307, 9971
4921, 7778
234, 4466
6924, 7706
3099, 2288
7489, 5900
8572, 4095
7531, 5974
394, 6903
9369, 3077
5472, 3596
1445, 9115
9070, 1416
5593, 1484
2885, 3146
1649, 5253
9086, 4634
1147, 2938
9914, 3623
9803, 6059
9220, 2384
9547, 9202
9667, 7771
3008, 6427
1500, 2789
2280, 8272
9028, 1831
1327, 4528
2962, 5681
2320, 4540
5571, 2661
4200, 9694
9559, 1603
5783, 1206
7177, 4573
7808, 3906
8333, 662
8944, 3593
1, 2331
5819, 4148
4870, 6190
9457, 8361
6760, 6667
4352, 8678
1768, 3626
9315, 6630
331, 5136
4296, 2499
4523, 17
4384, 8841
3915, 950
8351, 6147
6696, 3622
5331, 1972
3899, 5509
465, 9859
1867, 1446
843, 7700
1408, 110
2701, 5855
7570, 5943
7143, 8912
9888, 8557
2469, 4858
9980, 201
3402, 9992
3827, 2231
844, 1554
9579, 8358
9128, 1256
981, 5307
9414, 5934
5169, 8242
3367, 3844
353, 67
9547, 8657
6006, 1197
3119, 1916
3510, 1857
2963, 6534
9824, 2238
5802, 2551
5718, 3652
1674, 4435
4360, 1687
1316, 1801
8770, 2562
8621, 5640
2123, 3797
1147, 9614
7374, 3773
5739, 4767
9654, 5455
4479, 7310
3171, 1377
5046, 11
3625, 3652
9523, 3705
6599, 2049
5359, 171
1429, 6623
9897, 7706
7174, 8718
92, 3797
8653, 5204
3210, 4134
1740, 2514
3588, 6765
4600, 3810
1707, 9435
8968, 751
1329, 1981
9276, 7200
2633, 915
331, 8626
3565, 1164
4564, 3521
2845, 1456
998, 387
6821, 2986
7035, 898
5048, 2783
911, 8772
7529, 2319
3743, 5609
6552, 3975
4316, 3904
3977, 9921
8782, 4245
5792, 9
5253, 1419
3017, 5724
875, 322
4884, 2959
7974, 8181
4909, 1161
2457, 9444
1225, 3422
442, 5753
125, 5514
9630, 9816
3977, 998
5793, 6871
7106, 1545
4562, 824
8701, 7630
58, 9968
2214, 1006
5629, 1125
3584, 346
361, 6920
8872, 7656
2635, 4876
7346, 5991
3858, 5555
4965, 8560
3227, 9492
7858, 2555
3835, 9210
9775, 2875
9723, 9420
2099, 9047
7709, 3460
5146, 9830
3933, 2095
6599, 8694
9235, 2816
1417, 6809
2437, 3825
3078, 4861
2554, 4311
1237, 1943
6665, 9104
6024, 8987
3375, 5052
1398, 2826
6959, 9781
7270, 7608
3955, 9197
4759, 5080
2849, 8403
8077, 503
5178, 2033
1013, 1874
7100, 2836
3594, 7269
4726, 4217
1552, 4002
5579, 145
8222, 8025
2608, 1985
7993, 8298
7072, 8024
7579, 5908
3072, 7229
6258, 4457
8460, 9317
6340, 9632
2463, 1630
8384, 4790
3154, 4779
2064, 5315
5148, 4285
2396, 8133
5431, 4042
600, 27
2787, 396
2493, 383
6820, 440
9268, 1312
8071, 8154
5438, 9163
7842, 4458
9810, 9702
3304, 4717
8094, 8810
7948, 7210
5166, 7818
6797, 7046
4171, 2948
8352, 7023
5002, 9394
1420, 770
1301, 4461
4622, 3706
1591, 3184
972, 598
7793, 5652
4359, 901
1354, 413
2073, 3392
947, 9824
526, 1700
5992, 5615
9696, 2218
6578, 3699
1274, 9573
185, 501
9198, 9560
8807, 8025
6658, 3313
5256, 6359
244, 3750
1021, 9415
4078, 9562
6544, 216
8502, 7660
530, 8782
7452, 541
784, 5894
3350, 3612
7236, 439
3513, 1487
6088, 4262
9645, 4768
3301, 5093
4227, 4882
1145, 3498
6419, 5934
4407, 4664
9165, 7022
8329, 1500
3697, 9429
4096, 8086
9051, 9002
