N 8000
R 7000
Tp 1
Ts 4000
2753, 2978
3220, 314
7951, 8371
4693, 7840
9627, 9421
8690, 4306
7253, 412
4832, 8282
8428, 7393
3022, 3580
734, 3770
7209, 7127
8187, 2221
4061, 3622
2696, 3377
8200, 2243
7871, 6809
4779, 330
7539, 4029
5515, 8518
3441, 8310
2596, 7706
9346, 2486
4940, 7102
3197, 9458
8389, 9843
841, 654
6428, 8421
144, 675
3311, 4284
3631, 2127
5228, 5167
3643, 2969
9940, 9030
6733, 4783
8830, 1690
9198, 2062
296, 843
2894, 8733
9944, 5741
2157, 3446
2592, 4192
5100, 2595
5520, 3771
6798, 8097
9238, 1861
697, 8195
7408, 3551
6857, 1478
6610, 9713
8915, 5852
6931, 2799
6806, 6728
2114, 1208
589, 309
5062, 9852
3794, 1490
7618, 1623
3372, 2414
3495, 6413
2137, 9212
4180, 8596
4103, 8339
7529, 6105
6765, 3205
2937, 9248
838, 5162
9662, 3435
8125, 8808
5446, 1366
3044, 9009
9515, 9677
9854, 6041
3504, 6475
1437, 595
7367, 9328
1445, 9063
831, 5981
160, 9154
9499, 4095
3659, 9977
2798, 9414
3565, 187
5794, 2242
7879, 8595
56, 7737
5351, 2391
7466, 9590
6487, 9072
3997, 177
450, 6518
1394, 9447
5143, 9623
3546, 3926
629, 6035
8665, 1127
7895, 4743
4260, 4553
6025, 5444
3157, 1590
3992, 972
3437, 1892
8345, 4793
5065, 2426
6607, 1418
573, 540
80, 4762
8140, 7718
7553, 46
9690, 2401
7581, 5435
9145, 7556
245, 2658
5551, 7210
4001, 4890
9465, 4540
5652, 6184
9256, 6316
7902, 8924
3514, 5981
4508, 4779
5684, 7393
4314, 197
7243, 4833
1480, 2659
2274, 7651
7178, 3999
8221, 4459
809, 6943
228, 912
8215, 5903
5555, 4857
9040, 1706
1278, 8212
8811, 8069
2018, 8899
1008, 1288
4487, 2596
1764, 4362
6801, 5516
8784, 1512
7222, 5343
4496, 4641
9514, 3310
7495, 129
4437, 4701
3247, 5608
1206, 1904
5374, 7734
1314, 6705
8564, 8726
8517, 8721
2481, 3844
2152, 4377
3236, 4412
3555, 3067
3117, 3969
7210, 6522
7284, 3974
515, 498
355, 9132
4328, 1030
9214, 6761
1480, 357
9331, 3777
9000, 5511
2076, 9284
7590, 1081
5954, 7668
1422, 9827
1083, 3361
6373, 9763
5828, 1346
8499, 504
2505, 450
5246, 1324
8193, 2197
961, 8126
615, 7862
2939, 9388
6947, 6158
1956, 7114
4568, 2899
7914, 5665
9974, 3563
3034, 8071
8543, 4507
6891, 2918
4151, 560
1508, 3148
68, 1017
333, 3295
4677, 5887
7250, 5018
655, 8370
3092, 1129
1315, 146
7770, 6061
8891, 4519
5126, 4252
5891, 3213
6402, 9704
852, 4719
2520, 9514
9739, 8607
4385, 2331
3801, 2143
1749, 2559
1188, 6783
6881, 8078
8266, 5315
663, 496
6821, 5008
6367, 7413
6554, 1171
5179, 6334
556, 2671
6809, 5147
9037, 9889
129, 8370
5013, 8993
2206, 7721
3387, 7591
378, 3280
5648, 6872
8897, 4814
9659, 3244
6376, 8886
1999, 9917
2438, 3365
9544, 3693
2048, 6011
8500, 3284
6499, 6564
3743, 2885
2218, 4530
8903, 3580
4576, 6809
7071, 5031
3647, 7446
3502, 8926
2503, 2957
3399, 7328
1738, 2750
6451, 891
1780, 3266
8554, 904
8872, 920
1761, 6225
1349, 3158
7134, 159
3767, 1070
3127, 5556
4266, 9024
8968, 7634
7882, 3974
3730, 2182
6597, 8432
2833, 1701
4818, 635
9094, 2497
7819, 6272
244, 503
7782, 1623
2006, 5401
8722, 8279
8477, 1667
8748, 5947
8791, 8764
6144, 3266
794, 859
4013, 9058
9841, 6931
8577, 2394
9341, 7293
5780, 8755
8717, 3024
9217, 227
8072, 2544
3311, 3854
2199, 5856
7262, 6248
1456, 2149
5548, 4507
6237, 2632
8087, 3522
3738, 583
4829, 544
7533, 6714
7055, 5264
3761, 8429
5764, 9610
9371, 911
4953, 6702
2301, 3269
7175, 8512
7736, 4075
4221, 7360
572, 4904
6652, 8676
9803, 8045
5698, 4389
8268, 2763
5581, 9763
9356, 2254
7361, 2534
5918, 1881
6469, 9954
3619, 9231
6024, 8741
3429, 5051
1105, 49
2525, 1069
2964, 833
8452, 5986
2640, 1929
295, 8814
9957, 6302
6787, 6329
851, 8335
4144, 7331
9213, 6751
6939, 5365
3085, 9120
4267, 9542
9089, 2878
3988, 2230
7539, 2485
1962, 6555
5174, 5807
9421, 8053
9500, 2830
7907, 3152
4212, 8099
6244, 8438
1809, 4328
6975, 2062
1750, 3040
6009, 389
4270, 2217
8405, 3799
3080, 1963
6479, 3994
3759, 6640
4371, 6728
663, 6784
8571, 3015
2147, 2343
8261, 1686
3156, 8341
5218, 246
3516, 6899
5915, 7170
8849, 3501
1679, 7373
892, 7200
6423, 9271
6001, 7937
6010, 1275
2954, 6759
1228, 6776
8108, 742
2625, 4202
6666, 3481
8896, 6420
5608, 2091
8258, 3277
5320, 4882
2810, 948
9104, 5145
3150, 3105
3709, 5065
3204, 9769
7393, 7043
9080, 3389
9671, 8348
7609, 5232
3383, 8581
1588, 8275
2405, 8374
3463, 9759
7524, 9271
6584, 1727
344, 5755
7214, 5575
7849, 9545
7869, 1540
9796, 5800
7119, 7042
43, 5926
3422, 2468
5836, 3653
7774, 3875
2607, 4723
1367, 9366
4680, 4852
7200, 11
9757, 2942
4151, 4415
9026, 3009
8957, 3423
1264, 6833
9102, 5996
6980, 6385
2974, 1317
5603, 8414
8575, 2915
3867, 101
2047, 1366
9941, 7378
9070, 3895
2615, 9622
9278, 8842
6038, 3764
9267, 9155
8088, 3896
4794, 9761
2391, 5876
757, 2795
9730, 7385
7332, 9174
2157, 8590
9280, 5136
4009, 9088
8576, 6076
6463, 4150
3743, 330
1365, 16
85, 7794
5587, 7068
9681, 2989
863, 3828
9912, 2049
6548, 4471
9495, 1847
337, 8882
2261, 6106
2046, 5499
4196, 9693
7818, 4218
3814, 4410
7440, 6677
2475, 4211
4071, 8694
1608, 4039
664, 2475
4036, 3091
4811, 5609
7309, 2801
4986, 9230
4888, 7730
4391, 418
645, 2756
1641, 8601
6496, 6688
4097, 9752
9763, 8322
6204, 2225
2905, 6230
769, 556
6525, 3564
9562, 4356
6113, 9063
4975, 7212
4716, 1751
6189, 2652
5115, 7713
5878, 2972
8967, 1256
1379, 8635
8023, 4619
52, 9452
5228, 1163
6311, 7166
4730, 2870
8919, 3559
9447, 645
7244, 9308
5308, 2126
992, 1679
3864, 4407
8130, 9206
8004, 280
7651, 9540
3425, 3483
2334, 9110
6142, 7171
8533, 3884
9365, 5286
9478, 7409
8565, 7401
8188, 7145
3226, 278
3314, 7
5304, 6652
7330, 5448
6487, 5188
9916, 4815
9368, 587
7874, 5054
6342, 4817
7520, 494
1448, 8668
6857, 811
7475, 7178
1804, 7870
972, 6129
502, 936
6474, 2437
6689, 7832
874, 8709
8841, 8922
4412, 5330
2639, 1709
5867, 78
2647, 9358
378, 3468
1612, 4214
1946, 1914
1716, 8509
9912, 5288
5646, 3625
2371, 3252
5159, 9271
7083, 2803
1243, 4581
6517, 3181
5081, 7225
3691, 6182
6912, 8562
4096, 9381
2853, 6825
8577, 6259
4455, 6531
2423, 2001
6601, 7718
7833, 5254
1790, 7269
7487, 836
8404, 7770
8849, 7222
6278, 3071
9582, 3304
3461, 6857
120, 2675
5009, 5058
8924, 5364
834, 7266
8431, 5367
6643, 2216
420, 5205
9790, 1098
4763, 663
8098, 8775
419, 230
8064, 341
3968, 1681
5382, 3069
6984, 4442
1298, 6175
4199, 9613
5113, 5394
2514, 5118
8576, 3484
9208, 6126
7942, 3643
101, 8442
7669, 3902
9584, 256
8317, 867
6036, 5902
9809, 7261
9580, 6009
9037, 689
999, 6503
8452, 7181
188, 6121
2985, 2550
8007, 4105
2899, 9997
4112, 252
3316, 2382
1773, 3811
6738, 2276
4414, 1620
324, 2172
1270, 1520
2249, 3700
5721, 7697
8465, 416
6897, 2354
5215, 329
1083, 331
5750, 4210
1310, 6631
2289, 4873
6651, 5651
9903, 3381
8496, 8166
7307, 8194
8359, 3080
8058, 4135
8268, 9408
4477, 2160
8139, 8494
5910, 6957
9512, 5009
9847, 502
5800, 9525
5685, 1337
9180, 5085
4236, 7330
6430, 8970
1613, 6373
915, 597
2338, 9307
5473, 5727
4643, 6647
6634, 3186
6096, 2388
759, 178
1566, 2413
4496, 9862
1487, 2488
9447, 8510
3530, 2864
8244, 9744
6121, 7389
1723, 930
2897, 2434
5658, 7654
2333, 835
9278, 8237
5683, 961
2806, 9193
4280, 4516
8415, 8644
5199, 4228
7566, 7462
3532, 3043
7820, 4503
9111, 8570
1259, 7202
8492, 463
6199, 8193
7312, 2368
9256, 3643
8318, 6031
7028, 7239
8207, 3337
3105, 5691
2375, 8740
2888, 5270
748, 8453
7477, 5926
4146, 1500
9451, 8502
5826, 8892
1476, 6680
9865, 3179
5942, 715
2684, 9426
9154, 2441
2505, 1505
8774, 7760
4377, 9363
5009, 8955
946, 3497
1094, 2956
8329, 1909
2538, 4824
3717, 5205
1752, 7502
9038, 8458
6132, 5078
7699, 8485
5213, 2787
3643, 6429
8475, 2500
3540, 6415
8743, 2876
3560, 1026
74, 3628
6845, 4085
6446, 9578
2875, 5192
1664, 6833
2152, 6212
7671, 6964
8207, 200
4399, 9776
896, 3057
750, 6061
3585, 5460
2472, 7008
2113, 5691
3549, 5200
9149, 9867
8719, 6195
2828, 1422
6146, 8677
3813, 5521
4508, 4501
5824, 92
5373, 8731
1994, 2121
808, 7481
8466, 3043
7390, 2606
2112, 7501
492, 897
1989, 4427
2571, 2160
1054, 49
1397, 8244
3314, 7591
4231, 8513
1387, 2069
7890, 3015
2465, 465
8428, 4472
1810, 3954
435, 4471
1486, 1167
1410, 5353
158, 1801
9628, 2059
6116, 2658
7876, 415
7406, 7641
6895, 2852
8116, 1652
4322, 7536
3073, 9496
8597, 8909
5839, 7543
8217, 2942
9035, 7286
2261, 7469
7575, 2170
9772, 5874
3278, 8847
8475, 4001
9778, 3061
8206, 3121
9345, 5223
1618, 9813
3126, 361
3525, 1752
3932, 317
6138, 1242
3774, 626
2248, 6289
3513, 42
642, 382
5139, 551
8865, 7662
740, 4945
4334, 1769
6258, 3638
9788, 5386
8556, 9054
593, 6828
8028, 5498
4166, 4029
5295, 1705
7268, 9537
2321, 3542
4686, 7478
1249, 7266
5901, 2623
4596, 1241
8198, 4160
1157, 1220
4168, 5653
362, 6970
2978, 4463
578, 5219
7569, 6572
154, 3403
5847, 6114
9966, 4896
3303, 552
5037, 5112
8205, 4048
5958, 6257
3035, 7877
8431, 7862
1821, 4061
4596, 3419
894, 3707
5388, 3510
3844, 8132
3703, 4682
8726, 6331
1715, 177
4398, 2731
478, 789
8137, 4625
3926, 6075
9946, 2996
2652, 3420
1295, 4322
119, 2274
4716, 280
421, 7883
7891, 9213
1612, 8733
7238, 7692
9055, 8262
1827, 1628
7644, 2735
4797, 6493
8322, 861
9163, 5329
3744, 5635
7850, 4693
3192, 1815
7422, 3675
1874, 3471
5958, 2806
1741, 1032
2492, 5200
6336, 4339
92, 4811
8015, 5933
6156, 9586
4105, 2009
6394, 2059
7998, 8859
9860, 5053
3246, 6356
9327, 6984
8461, 7717
5163, 4260
5730, 8594
494, 5097
8975, 549
2285, 3912
1914, 9660
5258, 1910
3658, 2384
8022, 2771
6798, 9043
3991, 5018
1223, 2405
3253, 5767
8981, 3954
191, 5743
6159, 9771
7499, 193
6284, 704
5002, 8008
7455, 8200
8505, 6025
9824, 7116
2180, 992
4004, 7046
7045, 1809
1694, 8897
2986, 9757
9599, 7949
6357, 3844
1561, 6513
6044, 9953
626, 669
5281, 134
8532, 9484
1404, 9956
5089, 8930
485, 4823
5411, 8824
4206, 6013
226, 5649
5180, 2145
2734, 5559
7670, 6648
4620, 1175
5365, 999
9758, 4006
9340, 4303
5579, 6014
7506, 6615
3710, 5066
5418, 164
3930, 7018
1780, 1062
1514, 4418
8268, 994
3014, 5429
8415, 4984
3970, 5482
878, 240
7073, 9944
9116, 6582
1800, 2644
7953, 7135
5229, 5715
3537, 4935
1181, 3966
2759, 6249
3692, 5794
5338, 9146
9928, 1104
4978, 8018
3911, 1880
7556, 600
4894, 3196
8568, 9209
7555, 2548
6956, 452
4362, 7775
4017, 501
6556, 3504
5203, 876
1030, 5308
7543, 1241
126, 5358
6012, 5751
9984, 4789
2724, 3682
3030, 5484
6268, 1254
6566, 6371
7623, 4741
4373, 2159
2169, 6389
2409, 7019
623, 9204
781, 8040
7068, 1624
7293, 2809
365, 7783
4385, 4692
4814, 2592
4039, 8037
3126, 9077
4329, 2709
8093, 3766
5645, 2946
3999, 5274
3499, 1180
6168, 1500
7801, 9244
9726, 80
578, 8496
3054, 8097
9062, 9879
3855, 7032
1723, 8230
5795, 1515
7361, 5460
6972, 4575
1987, 5225
8139, 1691
6264, 1357
451, 5884
4281, 9088
2701, 2510
4846, 2022
7796, 5790
6498, 9020
1248, 8841
8709, 7660
3440, 415
8607, 8600
3040, 7498
5873, 2279
8682, 981
8792, 1481
9145, 8107
2635, 137
9193, 5918
596, 4638
2955, 8992
6635, 8445
84, 4257
3710, 9439
8564, 3445
685, 9819
8292, 4065
913, 5584
5688, 1154
5469, 8560
8549, 6171
1052, 7468
4812, 8809
8682, 2360
484, 6820
1535, 2507
1494, 9828
1030, 6070
8050, 8973
8780, 8622
2783, 1993
4611, 8520
3839, 8945
5014, 416
2128, 2791
9303, 4741
2559, 1059
1988, 772
4104, 4360
7336, 7712
8856, 771
238, 5243
1331, 9327
8241, 9940
4465, 3191
414, 7597
1748, 7801
6363, 5271
9989, 1891
1825, 3612
1276, 8798
180, 3769
2829, 931
2467, 3686
7279, 4446
2395, 9396
4329, 4110
7670, 5058
2534, 6565
7249, 2075
4375, 386
4011, 4383
1687, 4313
6969, 236
3498, 4924
1990, 4362
9502, 8520
5512, 4528
2788, 3391
2926, 6230
1832, 9997
7333, 1368
7739, 5353
3722, 5523
5378, 9914
9225, 5983
215, 1315
1812, 6009
6349, 7981
448, 4668
770, 7359
8489, 5323
6413, 2652
2902, 8238
262, 8026
3703, 3367
2165, 458
2091, 9472
5522, 8681
4078, 4866
9868, 8322
3439, 8708
9957, 2877
5103, 1167
2554, 5304
2293, 8970
81, 785
9439, 5478
7083, 3053
4531, 2488
7208, 9992
4548, 7806
4586, 713
3168, 192
7666, 8497
5350, 6469
615, 6017
7461, 3183
3061, 5333
8495, 6532
5617, 5040
3932, 6713
1659, 6837
8443, 3661
4220, 8543
1347, 6480
3567, 9902
5368, 6046
7804, 4783
3578, 6140
655, 406
9623, 1902
2680, 3962
1616, 1762
4043, 7678
1528, 9133
7543, 2680
7145, 1455
1652, 1359
1361, 8389
1253, 6726
7818, 4732
8829, 1151
2504, 8125
3327, 2958
4219, 8089
6285, 2315
916, 226
8178, 8387
8676, 2899
6555, 8668
5199, 5085
8863, 4563
6224, 8687
6656, 9604
9814, 9314
4394, 837
7436, 8462
4904, 1791
6247, 9789
5014, 5706
8760, 9274
880, 3717
9169, 6180
3034, 8766
9684, 757
7785, 3300
9447, 6265
6638, 5334
6308, 3294
5907, 1591
8397, 1319
1166, 7217
3372, 5308
3986, 2083
233, 8242
293, 1833
5477, 6243
5917, 2391
1682, 9225
5315, 4641
7605, 4316
665, 345
2740, 7813
9063, 5846
6074, 2958
5665, 9197
2154, 6601
8725, 1455
704, 8618
4081, 3759
2082, 1393
5121, 8942
8821, 8328
2566, 9413
4780, 533
66, 254
2635, 5772
7343, 9935
2747, 8165
9759, 4405
7286, 5445
3151, 9881
9649, 4795
1477, 1377
7434, 602
6824, 502
5911, 4190
606, 3564
781, 957
4128, 3220
5634, 9883
9498, 6010
7226, 9369
1279, 7611
3566, 860
6778, 9416
8828, 3462
9151, 9439
9943, 4867
6591, 8028
2622, 2113
9306, 2844
3386, 5756
9727, 5481
4673, 5702
2383, 8455
665, 3344
4960, 8697
7238, 6824
6141, 2065
4051, 9695
1547, 7123
3951, 6229
9110, 2212
5167, 322
4233, 2420
1426, 180
2797, 6037
9362, 7265
3017, 5223
7781, 9704
4408, 5634
2339, 4376
1688, 2303
914, 7644
2382, 3940
926, 2945
4038, 3578
9172, 7686
3832, 3147
9709, 1727
7703, 269
888, 4742
6276, 8822
5104, 5198
5151, 2252
4669, 8181
4381, 6538
5254, 4902
7909, 3824
7764, 632
1556, 3736
5697, 1063
9888, 7936
7455, 1405
7850, 8137
1350, 8076
8028, 2635
9941, 4906
4162, 8691
9882, 1578
630, 1722
4748, 4435
7619, 7715
9669, 8863
9563, 6016
1614, 8530
84, 9825
4482, 8725
93, 9163
2916, 6734
8222, 1745
9949, 4398
8605, 4418
5565, 7367
5341, 7230
835, 6999
9425, 982
520, 8469
3247, 7823
4325, 7495
3967, 1619
740, 3709
5346, 2052
804, 2238
8880, 1358
4407, 7054
8297, 1320
8086, 4696
6173, 3350
8692, 4078
5304, 3726
5919, 9690
9829, 9252
4659, 5807
4499, 7685
3192, 9921
4373, 9932
3116, 2542
1219, 2613
4012, 5895
7117, 604
4267, 4671
9200, 3089
7365, 176
1713, 7786
3437, 5876
8775, 1540
8787, 4550
9509, 9736
9537, 341
8613, 9574
9492, 2642
4544, 5681
616, 1767
7705, 8871
6076, 1796
7289, 6794
2309, 3367
1685, 3696
6799, 103
2269, 9460
7022, 5358
4510, 1942
4722, 9280
6470, 5862
184, 9260
6231, 5704
4717, 8110
5988, 6708
1053, 7998
1897, 7230
2250, 2265
1432, 8861
4025, 8521
7614, 1961
6727, 6068
3636, 3270
9497, 6510
5168, 2472
1472, 9420
6460, 1714
8730, 118
5678, 9470
7621, 1128
4263, 3963
3631, 6518
9384, 1518
2810, 7625
637, 2279
2267, 4762
3549, 7842
353, 3465
1146, 6629
5794, 7386
8419, 1804
1953, 4253
8394, 2127
3244, 5529
1471, 2237
8098, 7173
8874, 184
7762, 514
6984, 3372
5006, 88
1037, 8909
3151, 5788
9384, 4316
2577, 8267
6036, 4773
4063, 9397
5818, 8345
9018, 7032
6228, 6851
3458, 9048
8509, 5720
2087, 7593
500, 8304
1657, 9609
3103, 2668
3404, 8540
8779, 7475
7192, 4548
1106, 9309
1980, 893
3430, 3995
2674, 5187
217, 6128
462, 3233
735, 5440
8176, 6791
5099, 5316
3129, 6727
5318, 3959
634, 1516
4127, 7121
5831, 375
7708, 9901
8315, 8167
1982, 5000
4565, 7252
3075, 8953
7984, 7593
8244, 5399
561, 5147
2191, 2444
1465, 2138
7071, 7140
4010, 7796
7607, 1233
7895, 6656
6558, 3823
9604, 4109
6163, 175
2684, 5112
8018, 7170
4305, 9588
5599, 5076
1837, 3657
7663, 5090
9960, 6139
7559, 1561
5811, 8054
7068, 8845
5056, 2339
2280, 1826
3269, 2250
2350, 9003
6069, 932
5, 828
5406, 4411
6417, 9230
7330, 6384
6799, 3407
8749, 7849
5214, 4436
7621, 4069
8587, 8332
9712, 5069
5061, 9553
4399, 1385
4624, 9086
8887, 3948
8357, 9720
7184, 2558
294, 9242
2471, 6164
4542, 881
94, 5597
5559, 6768
4724, 4795
2165, 4737
8431, 1676
4400, 729
8468, 1477
9328, 9927
3945, 2746
6449, 2761
9299, 5068
613, 8378
2297, 7903
9896, 9804
553, 7751
4719, 1326
4008, 7887
8170, 6602
2101, 533
6569, 9310
967, 6005
6762, 292
9413, 2961
2416, 2288
1796, 986
5791, 6038
2043, 653
7444, 9990
3314, 3357
3810, 4821
9353, 4041
2231, 9945
4869, 6953
749, 2080
6981, 314
1468, 8174
931, 4916
5372, 3745
9509, 7829
3801, 8994
4131, 1756
7503, 1291
2660, 7379
7285, 8735
9137, 4698
7590, 602
2747, 4236
9162, 2471
4296, 4208
3459, 5176
5384, 1407
9939, 6341
3926, 4396
2187, 7044
8217, 3701
1310, 6401
1659, 7733
2917, 938
8529, 51
8971, 8090
2121, 1546
5720, 1216
578, 1782
3195, 3547
4069, 2440
129, 1892
3745, 2454
4066, 5896
3764, 6610
7530, 6257
1909, 2501
9237, 7072
7294, 8232
6756, 7960
3240, 6639
6876, 1194
5694, 3587
925, 1065
1156, 2794
6032, 8569
7072, 3940
7914, 1097
8278, 533
6285, 6394
5665, 5098
2526, 875
4365, 9482
497, 8403
8530, 3946
5824, 458
3563, 861
3787, 2083
7525, 5671
3417, 1626
1555, 2012
2988, 5558
3838, 5609
5059, 2220
1241, 2062
4665, 6096
2274, 711
8858, 312
8821, 1622
9254, 5023
4555, 2527
8590, 5170
6143, 7888
6876, 5274
2081, 5514
143, 4167
8756, 7280
9507, 9830
9346, 5947
2223, 2559
8911, 3175
8792, 4349
9034, 9294
7427, 3770
5280, 2767
2184, 7607
891, 9547
2898, 1269
1128, 9356
594, 1747
3334, 5809
324, 5684
3050, 7082
8041, 7884
9072, 3485
7571, 4151
107, 2179
415, 7638
3326, 5507
8109, 7767
8435, 8952
7371, 879
5960, 7345
1871, 5815
5642, 565
7123, 2336
4025, 6224
3691, 949
9579, 4719
9010, 3148
700, 7108
7058, 6728
883, 7830
8339, 2062
2960, 1097
171, 9857
1666, 9653
1843, 1676
6101, 5734
4298, 5964
7848, 8863
9154, 3880
1548, 6987
2440, 3181
8489, 9186
370, 938
9675, 4292
1313, 9285
7065, 3349
902, 1369
3030, 7557
1905, 5421
5424, 5578
8628, 4433
8054, 9645
2262, 3655
8967, 1518
2115, 6412
7574, 1541
7521, 1650
521, 7286
317, 6219
416, 8272
420, 2340
1202, 8002
4350, 2364
227, 5930
2932, 6063
8867, 3196
4210, 4851
9776, 4987
6088, 1646
475, 1943
9674, 2178
1576, 7139
6871, 3430
1215, 3265
6839, 9635
431, 3389
7054, 1496
66, 9027
7149, 7626
6460, 7358
5463, 251
6813, 6877
7393, 4629
598, 3332
9107, 7428
9256, 9997
9499, 8525
936, 2616
833, 7631
5006, 7910
7572, 6341
7389, 9230
1299, 8868
1021, 2059
1017, 3847
2644, 4418
3903, 6389
8195, 6707
3029, 5324
7020, 1979
9868, 9436
641, 2532
538, 9778
1176, 9642
2080, 9055
9020, 714
5689, 8517
9085, 7417
9096, 542
4486, 6366
1540, 184
2735, 6861
4224, 7313
9705, 385
7155, 5979
9607, 5685
2278, 5739
348, 8832
3259, 5700
8303, 7499
7323, 6219
2027, 9487
9736, 5399
9075, 6496
6145, 9992
9858, 3184
5508, 337
7937, 7185
4381, 8034
1058, 8907
7117, 6230
9161, 7286
4134, 8534
8763, 885
7762, 8
3038, 3103
9060, 1640
3232, 4107
326, 1328
7091, 3815
6257, 2951
3749, 2501
539, 4772
1967, 5203
3691, 9502
6275, 9989
1096, 482
2248, 2817
7231, 6655
4259, 1255
7683, 4401
8107, 2795
9919, 8104
4334, 7713
9015, 9556
8642, 1043
7053, 1887
8163, 8353
9663, 7495
1211, 4214
6765, 2903
8465, 8100
7336, 3906
3160, 5531
3030, 7547
9671, 8491
9955, 3587
2953, 2067
4353, 8288
8715, 4613
4031, 2438
9523, 5848
5512, 164
6400, 809
4547, 3902
4876, 4399
5592, 6339
9677, 6570
4530, 5866
1707, 6984
7327, 1710
6861, 6611
1428, 419
3132, 714
205, 4819
3897, 6715
9139, 1594
6682, 7914
1815, 4874
1599, 1872
8138, 9532
1907, 530
6175, 2852
9678, 1037
5432, 9759
1927, 9979
8589, 9436
2807, 9301
5003, 8372
4569, 2278
6696, 2743
1133, 5719
2869, 8357
8588, 9484
8445, 6645
2197, 9018
8794, 9909
5206, 2307
6839, 1903
3558, 6720
8239, 8389
3903, 217
8004, 8137
4474, 6292
1548, 491
4243, 1608
6870, 2559
4619, 4653
1019, 5946
2891, 243
8527, 2585
3542, 763
2870, 2222
3432, 9141
1219, 3016
3547, 678
8236, 7646
152, 4390
2249, 5608
3450, 116
1451, 8379
3038, 8615
4570, 9182
1478, 706
4919, 6397
4414, 9298
368, 8090
4662, 9991
6914, 8906
7517, 141
2920, 979
3439, 4262
6385, 7489
533, 6165
9040, 6591
6778, 7625
205, 4952
2318, 5541
1417, 5130
8676, 4696
4734, 1107
9606, 5278
1109, 6379
1192, 2834
5745, 3198
7354, 7726
4729, 1588
5334, 3233
7379, 4863
1850, 1195
7980, 8097
9200, 1880
1604, 7239
1592, 9479
3718, 5157
8807, 3605
7717, 2479
3097, 2587
7649, 418
8049, 5313
5417, 1053
5074, 5501
9627, 6927
1702, 9036
5319, 5822
3963, 6492
4194, 7905
9822, 7044
2405, 235
3807, 304
9381, 2293
8356, 7036
542, 2838
1657, 7532
3849, 1745
837, 2951
2189, 1387
2153, 6110
4465, 4968
9873, 5036
4511, 3106
1661, 1531
1029, 2772
4793, 3648
4597, 6217
7015, 197
4764, 860
2943, 9442
6607, 3499
9309, 7094
2305, 9805
1720, 1543
5441, 3629
5811, 2532
3680, 7763
7148, 5652
5073, 5741
8450, 8189
3529, 5343
6164, 7682
9942, 2404
1781, 3050
7868, 3599
6923, 9929
1866, 8403
8086, 4733
9692, 2779
1198, 3863
8361, 886
9237, 9236
8380, 5715
3867, 472
944, 2230
1521, 2534
5700, 644
2293, 1117
2270, 1376
8860, 4642
7020, 7538
1741, 6070
357, 6961
762, 5189
8446, 6205
8938, 3739
5401, 9483
4754, 1362
3576, 2334
9922, 6796
9999, 2094
507, 3561
5703, 6824
7006, 8838
959, 658
8720, 6354
349, 3145
5930, 3406
835, 649
1116, 6449
3900, 1224
513, 7013
5621, 9519
9870, 4705
2680, 6822
868, 1620
1044, 4795
9190, 5547
3097, 6415
7732, 4303
5951, 2477
6869, 462
2518, 3992
211, 8948
7687, 6928
3456, 5173
458, 5200
6711, 4474
9153, 8279
1806, 86
8385, 9984
8423, 2052
9377, 2289
1941, 8415
3052, 9005
507, 2685
3008, 6214
4800, 7209
6968, 6994
7903, 7676
7559, 1369
5099, 6455
2283, 4665
1712, 8831
497, 1829
5716, 3925
679, 544
6221, 3409
7356, 9890
3100, 4298
1668, 1734
4887, 7893
8616, 4672
3780, 3464
8938, 3165
7712, 6682
4710, 9128
9856, 6345
3971, 4294
5471, 6487
5881, 7712
5991, 7793
9485, 1259
8763, 4797
6232, 7269
7456, 6704
2054, 381
1147, 5562
8905, 1279
1685, 9503
5758, 4348
892, 8658
6679, 7202
4611, 4944
6680, 9149
8618, 8774
7325, 1225
1240, 4175
9032, 851
3044, 5086
8521, 8555
3651, 9525
3125, 6392
7388, 5216
3497, 168
2680, 3729
8984, 8706
9845, 2089
2336, 6027
2313, 1311
5051, 4704
7091, 1632
5489, 1046
8717, 259
6715, 3036
7965, 1895
6114, 1642
7756, 8652
6598, 7193
4462, 7451
795, 8942
4399, 3763
4637, 2196
271, 2673
228, 9285
8868, 5419
6898, 149
8351, 1097
2746, 4795
6073, 5232
8411, 7724
9003, 4492
7161, 2134
5292, 730
1165, 7046
1621, 7711
5363, 806
9873, 873
7969, 7847
7472, 6864
135, 3750
234, 6392
161, 4062
7329, 3589
3146, 4747
5248, 9259
1803, 7414
4432, 1602
4097, 1890
3433, 2626
4861, 2945
932, 2257
5940, 7491
9647, 5238
6343, 1021
2410, 2041
2349, 7458
2463, 3321
2492, 9713
9359, 9305
2870, 922
8294, 2312
8864, 4142
4928, 411
5038, 3170
582, 2634
2858, 1183
6064, 1668
4, 7898
5007, 6575
3123, 731
8546, 9872
970, 9804
9109, 7651
1765, 1792
4731, 7704
962, 4189
7088, 1034
1885, 2311
8369, 5901
5380, 3723
4487, 3331
5209, 7892
2542, 1003
2614, 5774
7747, 7224
9546, 4101
60, 7945
4930, 6200
786, 3801
163, 4656
6586, 4213
1491, 5927
9569, 5462
7719, 9495
1653, 8667
2759, 5584
6800, 6996
4606, 5780
3311, 4924
990, 3923
9282, 724
7600, 2415
8140, 9176
6681, 1003
313, 2177
6472, 1877
4895, 7270
9771, 9468
8926, 1072
161, 4880
6785, 1177
459, 4005
9686, 1855
5852, 3091
1194, 282
8656, 7582
6301, 24
72, 1261
4197, 3266
9555, 9720
5295, 9469
1016, 1075
8496, 223
7183, 7153
2953, 7035
6768, 8391
5865, 6299
7700, 7391
3596, 9001
9944, 1333
3937, 9082
7327, 546
2938, 9415
3367, 8482
6556, 7562
1844, 2068
4663, 2289
1512, 9118
7551, 8034
5460, 2938
952, 9804
4888, 288
9393, 5077
1206, 6289
6023, 4741
9861, 2654
7098, 5390
7297, 6947
428, 694
1136, 7300
9477, 1859
2256, 1602
2517, 1747
2491, 6121
6897, 7092
6044, 3193
8910, 5606
6588, 4015
652, 5835
5, 8112
601, 3608
24, 4098
343, 4380
2041, 7542
695, 9273
3384, 3461
1188, 851
6683, 790
9581, 8644
5654, 1834
9002, 7114
7037, 8596
2224, 9214
9152, 3304
1775, 1714
565, 9023
840, 2214
2052, 3268
5356, 7078
2139, 7999
6368, 5588
7330, 9451
9661, 2269
2697, 4421
8435, 7739
7437, 7043
2142, 8855
8857, 1503
2241, 5272
6361, 6991
7646, 4941
570, 7907
5015, 2002
5950, 8298
6095, 82
8011, 3584
4714, 6330
5507, 968
1043, 1734
2654, 338
2588, 9914
2915, 74
1968, 2975
4790, 4285
4805, 7656
6155, 7144
4061, 5887
6808, 1151
5819, 7313
5833, 38
7122, 6387
3853, 9375
6249, 2864
8446, 3041
2187, 8832
5342, 6626
6619, 710
7869, 2081
1941, 2006
4710, 6930
3568, 8689
8265, 5975
5743, 5214
5220, 5863
1047, 2471
7434, 5725
4298, 1181
2021, 3344
1858, 9465
2712, 7594
2185, 8017
8125, 7064
9349, 4067
6238, 7309
5265, 7120
3823, 7363
1655, 984
2696, 1343
378, 3630
2352, 8496
8223, 4055
5556, 7828
3419, 7813
6984, 7670
1751, 507
5284, 8888
833, 3564
9520, 3976
6189, 532
8570, 4035
2984, 8946
2692, 4675
796, 896
9115, 9286
6960, 3665
6273, 7309
9319, 438
4252, 6941
521, 605
7832, 101
3886, 8407
7063, 1228
7734, 4628
4841, 6519
7223, 5278
5735, 6821
8174, 1294
4040, 7783
1654, 1902
4390, 6078
6646, 9197
8891, 3890
5764, 1096
7894, 3517
4471, 3259
5770, 962
8811, 5124
9893, 9965
9406, 5440
1469, 9193
2711, 3284
9974, 7576
9814, 7994
7329, 642
7830, 3238
4687, 6380
2383, 6036
435, 7572
8137, 9408
6725, 9992
9466, 450
5698, 1024
8432, 3460
6353, 2174
5131, 993
4481, 8496
8785, 1627
3246, 7103
181, 3705
8210, 3832
6610, 3868
9223, 1861
3745, 8380
1691, 5383
6970, 9955
3309, 929
8998, 7846
8180, 1380
4051, 6380
7663, 8739
7169, 5052
5415, 7922
698, 9879
9936, 5456
2735, 1359
3054, 4462
6093, 9955
7781, 7659
1614, 104
297, 1117
4715, 9173
4403, 8030
543, 3307
8213, 3361
1831, 6271
7060, 1535
4310, 6614
1540, 1219
4373, 188
3347, 4542
6232, 2640
3771, 3383
9051, 4015
6347, 2979
7003, 5436
2895, 8189
3281, 4153
1019, 2210
9017, 4869
3559, 8571
369, 1266
340, 9304
5180, 1121
7309, 6566
6327, 3837
6552, 2236
8515, 625
5932, 3432
7777, 6630
1661, 5057
6076, 1772
1346, 2536
3679, 340
5672, 672
2711, 1673
7055, 727
163, 5977
114, 3216
3145, 2163
4420, 5503
9314, 5599
6086, 7936
7349, 4516
5429, 6868
9170, 3482
1456, 8073
5780, 2813
343, 4724
1241, 2778
6879, 7278
2718, 2489
9426, 1384
2483, 2119
9939, 3837
8127, 6975
5967, 2771
1756, 9029
943, 5964
114, 191
5482, 1007
946, 5904
759, 2734
5688, 2897
8944, 2101
8356, 5310
4611, 4382
6466, 9211
7010, 9235
9317, 2609
3914, 6833
3794, 5945
2832, 773
8296, 9684
2519, 3942
7710, 2837
6079, 3998
789, 8507
5655, 1750
9373, 8958
3, 7437
4659, 6981
2872, 9733
9335, 2274
9060, 4107
699, 7307
6284, 4673
2488, 1590
5933, 2377
1435, 1040
3651, 5488
2861, 9050
9992, 1620
144, 2208
6884, 436
9412, 3671
8915, 3987
6506, 4627
5124, 248
5920, 3874
893, 1956
1499, 5064
28, 8833
4563, 5864
4360, 100
2536, 1036
215, 1535
5330, 1842
4873, 3158
4726, 3395
9825, 6987
9236, 8928
2963, 7960
5789, 1723
5880, 6377
6547, 5007
4719, 1731
7336, 2830
6399, 821
5608, 2485
1255, 1737
7427, 1325
5606, 2199
3298, 5233
9222, 9239
8731, 7543
9042, 4112
6576, 1453
937, 4594
6145, 2482
4219, 7005
2610, 4638
3632, 7819
8071, 1870
744, 3585
2539, 416
45, 9805
7856, 9975
1428, 1980
1777, 1755
4435, 3467
6580, 3569
844, 4920
4011, 3203
6039, 4469
4857, 9499
3583, 3047
1633, 2001
6098, 721
9610, 5775
2924, 7272
272, 7645
2061, 8243
2004, 3101
9990, 9986
8003, 2117
7076, 9415
3075, 8981
4179, 2053
6410, 4036
3667, 8003
1337, 1244
9720, 7933
9398, 910
7131, 6952
2343, 9091
2126, 5376
8218, 1664
9117, 96
5442, 4548
8672, 7948
2923, 610
6285, 1534
6383, 8470
5898, 3660
5457, 934
3296, 3603
2118, 8502
6811, 9618
7187, 8136
9022, 1637
7890, 4094
9923, 635
4654, 237
2864, 5415
4798, 9088
8677, 4336
8847, 1862
594, 8725
8601, 2489
1526, 7329
1203, 6652
9010, 2470
4307, 6080
1723, 3946
3405, 4739
6174, 1403
5181, 8325
558, 2271
9968, 2520
58, 3660
2684, 20
9306, 9777
9537, 8613
4343, 8991
2807, 1842
4170, 4376
1526, 3290
9420, 7762
964, 6284
1869, 8600
4904, 8643
9377, 9838
5806, 8236
7588, 9326
1428, 7766
3662, 6196
4513, 4757
4034, 9522
933, 9075
8096, 6881
5804, 1444
8811, 8453
8604, 9764
3652, 5947
7645, 367
3077, 8529
7144, 284
2410, 2306
2328, 8327
5865, 2638
3181, 4250
3506, 3538
3872, 3991
6450, 1816
6209, 853
6770, 1886
8284, 4692
268, 5579
3306, 1358
8477, 6148
3699, 5276
6470, 6426
4065, 6675
4444, 1693
1279, 1801
8112, 8321
4129, 5912
73, 4331
606, 605
8125, 9528
1447, 669
943, 6106
8939, 5926
7490, 4592
243, 4253
571, 6161
4601, 2137
5364, 2789
5974, 5018
1133, 5136
9128, 1175
2382, 7180
2914, 164
7847, 6369
1101, 6764
6344, 2404
4717, 785
7644, 986
446, 2813
4096, 1975
8973, 1187
5458, 3879
1875, 9095
8468, 8471
6204, 8263
1488, 3585
4806, 9589
4918, 2931
9845, 5042
6256, 2187
6819, 8040
4582, 9761
3061, 276
1613, 9665
5752, 1166
5371, 2515
330, 9270
6038, 4313
2166, 4957
4858, 3972
9303, 6557
4393, 5987
9677, 1126
6604, 3642
5805, 7654
296, 203
3139, 8292
2028, 1091
9235, 7466
6039, 3939
2718, 6156
1510, 569
5263, 1753
8747, 1211
7540, 829
5385, 8512
9066, 9008
6316, 5355
8658, 2783
3061, 916
7408, 1157
515, 437
1042, 6309
9502, 7102
957, 55
5532, 3061
7986, 2317
9078, 4574
4336, 7360
2949, 626
483, 8908
2086, 7743
8923, 8388
2301, 1356
1479, 2612
4677, 4311
6304, 7361
6197, 5917
9922, 7663
7934, 7734
7061, 8159
7762, 5514
3930, 6290
6015, 8516
7841, 5471
7960, 5425
9047, 7517
2260, 9221
6748, 9918
9104, 9243
6051, 584
7583, 6198
2850, 3408
8162, 8520
3369, 1973
6083, 3438
1712, 2343
2731, 2503
1049, 8370
4852, 4768
4821, 5083
2360, 7165
466, 9637
4200, 3125
1090, 2992
665, 8955
1015, 1856
6328, 9844
4058, 7845
5454, 4154
7835, 2684
1743, 3308
3762, 1857
716, 6175
4388, 8543
3129, 230
1761, 6102
8233, 9033
8586, 3912
6645, 1557
881, 512
9371, 6096
6761, 6399
1139, 1847
5771, 7812
7181, 1558
6026, 360
6534, 2003
9439, 2339
1498, 5223
7294, 5102
1075, 6666
2889, 8070
4991, 3322
2323, 4809
5424, 247
332, 8577
5069, 255
219, 4810
8773, 3057
2907, 3058
1891, 1264
8732, 4028
4446, 3526
3018, 9248
360, 6850
11, 3987
1078, 9759
3793, 5678
7182, 2675
8063, 5133
44, 1681
9897, 4599
6336, 3435
7172, 5765
8769, 4807
4732, 3761
213, 1820
1364, 5101
1112, 5562
8, 6172
2809, 708
7503, 9873
8069, 6827
4892, 9010
1883, 1400
6756, 4984
1246, 5221
650, 9430
3033, 8536
9285, 5188
5180, 1869
4563, 6951
5157, 768
7047, 5694
1322, 7956
7245, 3467
5939, 7442
223, 9757
5220, 8785
4576, 582
7368, 558
5749, 4014
2969, 5816
8387, 5203
8412, 2539
420, 4362
9114, 5175
6388, 6855
9208, 9229
9959, 9524
88, 6342
5501, 7170
4856, 4607
5997, 8282
4329, 5364
5711, 6286
4074, 7576
6262, 946
5282, 7006
7498, 7184
1677, 7848
5908, 7868
4046, 9513
7666, 9124
6370, 9369
3338, 1795
1941, 8981
3724, 8244
9534, 6256
3920, 3805
6917, 4458
4654, 9359
1429, 4234
1148, 3816
6317, 3451
8194, 403
6336, 8337
2857, 5053
1948, 6391
3650, 5477
6536, 999
8676, 8015
5558, 5093
2013, 6692
9304, 5432
9353, 5258
4495, 4837
928, 6492
4142, 1065
8154, 3702
8813, 7763
2574, 3935
889, 3693
2616, 9570
2185, 7413
9640, 8555
1036, 4700
6871, 5323
3902, 2746
2581, 7768
9657, 5739
8238, 8804
4248, 9226
1163, 616
5431, 5401
9012, 3758
2838, 9562
4995, 8200
9901, 4669
1428, 7727
3929, 6343
2056, 3563
9699, 1259
2345, 172
3346, 6487
4984, 1283
6695, 1230
4274, 3537
9175, 877
49, 3129
8645, 556
6734, 2692
8653, 4244
8565, 738
8222, 2999
4193, 5975
2287, 864
5686, 122
3682, 456
3693, 4869
1013, 882
7450, 2073
3877, 5492
7289, 6018
5533, 6850
7447, 899
4061, 1369
5085, 2605
9398, 7748
6759, 529
6545, 2351
4659, 3568
4303, 2086
8805, 9002
9675, 1576
3655, 6699
6636, 958
718, 2623
9127, 2578
7192, 7518
9329, 1021
3329, 2712
3249, 3441
8148, 4909
3924, 3616
9406, 2553
1994, 2039
479, 571
1374, 7387
4346, 3809
8132, 3262
1980, 4274
5210, 5982
3385, 9671
4241, 4427
5458, 3735
933, 9458
754, 7933
1207, 2522
8296, 9672
268, 5226
9327, 8191
9918, 3558
104, 3071
2480, 3716
1897, 9170
6511, 2399
3951, 1742
644, 967
703, 2855
6535, 8371
1259, 6274
621, 805
3984, 2583
1585, 4888
8027, 7633
8449, 2088
2267, 3158
9903, 6333
4674, 9006
6536, 582
4678, 9409
2082, 1390
3700, 6706
206, 8798
7588, 162
2668, 5599
4311, 3906
8606, 921
8141, 5865
9685, 5021
4675, 2941
1208, 3196
3977, 5746
2995, 7122
2562, 4028
9211, 2675
4644, 1971
4079, 2704
4000, 3298
8075, 7381
7788, 4476
7542, 1586
475, 9228
5979, 772
4142, 6951
8549, 8896
867, 9376
7588, 9851
3276, 2727
7596, 3225
5259, 703
1564, 9360
4457, 1194
2844, 1688
5430, 7892
4287, 1889
9146, 5993
5368, 9249
7722, 7812
4617, 7496
3286, 3029
8231, 5490
5024, 5533
938, 953
4023, 25
2112, 9333
2401, 3129
1392, 4737
2039, 2380
2908, 5018
9322, 1034
2783, 1206
435, 6669
7574, 8655
4856, 2749
1772, 747
7115, 9367
2750, 8377
3148, 793
573, 1530
8623, 6460
9921, 2666
6120, 4095
4506, 4569
9299, 9852
8338, 4587
5488, 1081
5791, 6760
6987, 541
2884, 9456
6954, 3580
5383, 2079
575, 4417
4813, 7433
653, 9303
7042, 5378
6776, 5093
1909, 9164
197, 8468
6015, 7438
7088, 4366
3108, 5134
7373, 2164
3538, 1787
6134, 6075
5174, 7993
6386, 3189
5839, 9609
1399, 5048
7162, 4260
887, 4749
9164, 9301
229, 3047
5918, 2432
2059, 3709
2482, 2755
2564, 7222
8181, 3799
9284, 9392
1373, 8515
7799, 7101
8097, 9005
4903, 2859
3047, 4909
9143, 5870
9096, 2209
1932, 2189
8320, 4983
9260, 5285
2946, 5498
9582, 6622
3144, 5707
2657, 8312
7272, 715
7401, 3793
7619, 6723
6659, 6710
4647, 2961
2362, 7059
900, 7743
7602, 7881
571, 5633
7282, 811
9105, 8811
9615, 7813
5540, 9917
5331, 3578
4709, 3660
1836, 4520
2979, 446
5568, 7194
6952, 6577
398, 5146
4445, 7864
1121, 977
3401, 1411
4318, 1068
8518, 9162
2204, 9980
8052, 8519
1187, 5643
6711, 6877
7356, 630
3452, 3944
9625, 1115
633, 5538
2158, 6976
6402, 4591
1420, 9853
551, 3158
1407, 2248
5354, 9453
4269, 6459
4639, 8912
2094, 788
605, 2237
9035, 313
5521, 5519
9328, 6149
4545, 7700
9707, 6196
4414, 2685
9014, 8743
9570, 3875
4529, 5732
6697, 9872
2472, 2733
4845, 8369
5252, 251
4345, 6534
45, 5495
8047, 3554
605, 8532
1413, 3254
9920, 5245
8553, 4293
5959, 23
7542, 2755
9580, 3586
4431, 3983
896, 3089
5816, 2858
4864, 3667
3923, 2770
3799, 7374
4472, 9680
4764, 3288
670, 4267
6235, 5649
7926, 3430
6002, 7520
8936, 3405
194, 8216
4597, 9911
4645, 1382
7450, 4920
9758, 1338
5462, 8454
924, 8032
7315, 8182
4537, 5386
2272, 707
9471, 9468
1967, 1498
6810, 9555
4218, 8516
2505, 5794
2129, 4193
3997, 3611
5342, 4477
2676, 439
9530, 4402
6399, 2018
4408, 9530
7471, 6294
1215, 3695
5631, 7666
2917, 8274
5611, 4598
1766, 6980
3758, 238
4196, 628
5961, 7224
4985, 9413
4175, 916
679, 8666
6829, 6952
3681, 9393
3399, 4045
1666, 9722
8606, 1257
2939, 4035
7661, 1658
8539, 8945
6723, 4251
2150, 3405
651, 7878
2520, 5816
8374, 9846
4787, 7420
4987, 6504
2675, 6865
3028, 3390
3699, 3481
4394, 5583
329, 7753
6923, 8990
540, 3236
6695, 6294
9302, 8037
6187, 607
3268, 8473
5524, 367
9162, 2998
4885, 8944
6627, 1980
3044, 57
1446, 551
4590, 9516
805, 2174
3931, 6252
8303, 2715
4844, 6969
5973, 4215
801, 810
8714, 3169
1479, 9237
1923, 9531
1022, 7486
5294, 6514
7993, 9657
7951, 6168
7247, 413
9637, 6127
6158, 5048
7755, 5108
3487, 4201
6698, 4965
4484, 4782
1067, 3472
8174, 6522
9211, 9898
9596, 4914
4648, 2393
8909, 2613
9624, 9807
1926, 2118
4920, 1507
7728, 5143
5634, 6317
5128, 1300
6328, 4158
4394, 681
1324, 9738
4808, 6512
7042, 1811
6691, 9867
3741, 4515
2637, 9082
3430, 5206
9701, 3930
7948, 9089
7345, 2011
6901, 2963
2538, 2443
6146, 1782
6849, 3524
8640, 4002
1519, 559
9275, 9087
7323, 5684
3997, 2772
6964, 8400
1396, 7985
2670, 6224
2402, 149
1258, 4096
7486, 6237
9709, 4475
7351, 922
2402, 5006
2105, 2765
1900, 6829
2776, 9522
3044, 209
377, 6663
9185, 2829
8545, 855
8709, 9948
8788, 8935
5939, 3786
3535, 3019
4255, 8347
9154, 854
5278, 8027
1893, 8221
6045, 7954
283, 7191
4445, 83
1300, 7427
8971, 8626
2780, 2454
4590, 5617
6001, 4624
8730, 1077
5730, 7785
4465, 8281
1410, 2269
8377, 2959
8268, 2385
2665, 1822
4545, 1328
4396, 4301
3644, 2439
5368, 5162
1383, 9306
9513, 7815
3414, 497
1127, 4305
7073, 7842
5862, 463
176, 9932
4283, 1316
2526, 8765
2812, 3200
5760, 2337
944, 1993
3967, 343
7270, 7986
3889, 50
8242, 5125
517, 649
7746, 9922
829, 4779
4286, 3412
4518, 6435
3886, 3468
2883, 883
9318, 845
9096, 7840
8284, 4099
4306, 5738
8041, 4160
5988, 7622
9726, 4564
1660, 5866
2910, 6793
9380, 3205
4585, 6473
2900, 8808
4106, 5052
644, 9701
2342, 6097
8751, 5986
4468, 1400
84, 9098
9740, 6362
8614, 8929
4728, 3942
8835, 6033
2791, 6650
18, 278
7312, 3193
5557, 8706
8292, 9758
430, 5389
2924, 2142
6670, 1133
8017, 2979
9513, 3998
8107, 3339
9557, 5935
1521, 5931
8736, 233
5119, 6481
1137, 6908
4822, 5237
5447, 4023
5981, 1355
6447, 5924
8997, 9975
3057, 8174
4202, 4221
6585, 2544
4341, 9189
3235, 5115
7438, 7272
2159, 115
9535, 5977
7541, 7094
1156, 7602
738, 3979
4383, 9434
368, 4099
4072, 6192
179, 9102
8449, 3575
9152, 7070
9751, 7598
9080, 496
7796, 3403
8818, 9196
9490, 9411
6839, 6873
8618, 9832
7687, 6909
746, 2112
7097, 3233
2949, 190
1423, 6046
6309, 8111
1128, 5254
2331, 8307
3439, 1777
5319, 1765
1408, 8754
3187, 8537
4475, 5877
7801, 8450
6881, 2375
5142, 4477
1691, 3378
2598, 9261
8283, 6996
894, 659
8202, 9163
5928, 6570
864, 9055
7673, 413
5089, 1883
943, 262
4021, 1274
5926, 9123
2144, 2042
2041, 6055
9008, 2640
4806, 4138
4326, 7496
5786, 3454
603, 4998
3292, 6927
5155, 8926
2182, 7366
3567, 4844
1885, 9339
7052, 6977
3298, 4036
4297, 7563
8576, 2654
9671, 6592
486, 3494
5145, 9415
5551, 2565
5402, 3251
3052, 5782
1885, 5772
7252, 5365
9360, 3276
3378, 8710
538, 9059
7836, 127
451, 5079
116, 195
6595, 7643
7127, 236
2306, 8107
962, 3636
543, 6449
9429, 2704
7468, 536
5312, 9034
8343, 9755
1770, 3993
7827, 4344
1056, 895
4692, 1398
5146, 6031
4810, 4736
4713, 9609
2325, 6669
2589, 4051
9399, 8045
5603, 21
3751, 9187
8652, 7761
4961, 1946
2728, 1646
490, 6357
8161, 2240
658, 8518
7125, 7589
1330, 6554
9274, 4222
7813, 1792
9878, 8136
4467, 9156
3959, 6822
9592, 8477
2988, 2253
1876, 9455
599, 6139
971, 5853
4986, 2421
7244, 8031
8430, 6588
95, 2891
4835, 8827
4424, 83
3186, 7248
9128, 8059
3758, 9412
5762, 9222
8392, 6201
955, 9116
5170, 9279
6875, 746
9707, 4803
8992, 7014
7305, 7844
9073, 7613
2581, 979
16, 2746
5296, 5639
1881, 3077
9636, 3001
2823, 2775
6869, 323
5926, 4069
3686, 1296
691, 2544
2088, 7232
1727, 2136
76, 9483
2402, 3448
1194, 159
4733, 9826
2794, 4856
376, 24
2544, 8250
1737, 1796
2261, 9486
7494, 9605
9216, 727
7010, 4439
6083, 5872
4371, 9549
3441, 3396
213, 1981
3326, 4121
3399, 8152
2575, 4393
5298, 4180
2897, 5151
2090, 5528
4149, 4987
9213, 7044
9177, 930
5929, 8331
3249, 2357
3323, 9118
3220, 8155
8273, 3590
1732, 4606
7648, 7421
6101, 8911
4257, 5193
2078, 2503
839, 2150
7533, 380
6876, 1167
8373, 9212
1049, 6745
5379, 9512
596, 2892
9519, 80
8548, 8303
8621, 151
5824, 3631
8162, 7315
5093, 4603
116, 4067
8982, 2527
5403, 1053
734, 7515
2980, 3267
4817, 528
9811, 3441
8816, 2726
2248, 7494
9611, 1405
9099, 9501
1073, 8318
7810, 7207
804, 8796
2417, 1142
4647, 2013
2800, 3000
3513, 2847
4904, 4126
3931, 985
4823, 8184
2301, 9487
2404, 7856
1399, 2593
9372, 9679
6771, 785
4251, 6239
8280, 2351
4086, 7903
6416, 7618
836, 2332
8091, 869
4125, 5810
6445, 1020
6667, 4367
147, 674
9181, 9824
2275, 4209
6347, 9499
97, 268
8067, 8856
1934, 5100
4786, 476
4570, 9974
4158, 2435
1242, 9365
2928, 9753
7557, 8633
9439, 2198
1960, 4283
1623, 7492
58, 8763
6313, 3166
8521, 2825
6956, 9654
1011, 7165
3697, 7923
5601, 8531
4676, 4118
2014, 5254
2494, 7671
4581, 4296
8983, 9857
9672, 7691
9433, 86
9485, 2543
2160, 3856
9139, 2121
5758, 9958
9410, 1804
1083, 967
1936, 1078
1321, 4182
1952, 3001
6949, 529
949, 9189
7290, 4352
8677, 591
2511, 4183
6072, 1872
9761, 8264
9344, 3325
5355, 920
1442, 2750
2241, 268
6754, 9645
1837, 9904
1005, 8412
6624, 307
8784, 6771
7066, 5939
6982, 725
2581, 7312
8574, 335
940, 5008
7515, 6124
4953, 5679
5140, 3992
2763, 880
1612, 4095
3910, 9604
4013, 6080
7205, 37
6317, 8723
9226, 7360
1443, 404
934, 4349
4290, 4812
1844, 7853
5204, 2859
5728, 7999
706, 6851
358, 8270
1055, 1444
9540, 2843
4005, 7040
5937, 4626
5943, 7786
631, 540
1781, 7999
2219, 1904
2718, 7345
8702, 1430
3440, 9980
5035, 6426
9755, 1863
4401, 3017
8739, 5417
4603, 8940
4244, 9094
3643, 8414
1936, 9188
8213, 4683
8676, 3246
8199, 86
3001, 2500
5847, 9623
5782, 5517
8596, 9072
2802, 7418
766, 9227
2087, 8952
6450, 6514
9650, 5010
9134, 9514
3911, 2129
835, 4396
386, 2769
8407, 8033
6520, 2241
2362, 4218
8556, 3094
4705, 9402
3085, 7180
1134, 1760
9068, 8763
6513, 6052
6908, 2705
1287, 189
3170, 1618
6641, 7741
7244, 5593
9776, 6330
5182, 3242
6539, 4026
6487, 4486
4979, 7978
386, 3801
3678, 9435
3848, 5219
7023, 9962
9491, 4433
8423, 298
9406, 1463
885, 9487
6552, 5533
8201, 5338
263, 3459
86, 5500
2937, 994
4661, 4553
6021, 8433
5958, 2139
5920, 1776
8210, 8272
1964, 2277
6252, 6145
8747, 689
7397, 1039
1345, 3533
8111, 2940
1159, 3446
3897, 5524
4588, 4162
4266, 294
2870, 95
3721, 386
9270, 3687
5800, 4577
2010, 4209
2496, 5180
3435, 5382
56, 7946
5639, 9934
7471, 4553
8505, 8280
7049, 280
2852, 2019
4983, 7278
4655, 2539
8814, 2923
7626, 2019
4586, 8810
6558, 1819
92, 5359
8851, 6654
7422, 5443
6939, 715
423, 2072
8075, 3390
3177, 8859
5754, 2875
1720, 1526
2194, 6374
3045, 3422
8020, 2817
2985, 6032
2328, 3603
2477, 9651
8754, 6210
1558, 3338
3823, 4637
2766, 5929
7566, 3864
1533, 8064
5180, 5252
7447, 409
2648, 3578
8670, 3082
1030, 2084
712, 7304
9759, 5305
6604, 8184
741, 99
278, 723
4020, 2991
9466, 4437
8147, 9392
6453, 7346
7338, 3871
2383, 4678
7678, 36
1196, 3799
2072, 8090
7841, 5498
4548, 2082
1252, 5198
6436, 1302
7421, 5593
4260, 3271
9721, 973
281, 2086
3885, 2646
6979, 3356
9015, 5010
2546, 887
7695, 590
5412, 9649
8861, 3625
9404, 7022
3781, 1192
6878, 5042
1469, 4486
3095, 5484
4815, 9204
8138, 947
1449, 1028
1013, 6396
9186, 1630
6914, 6965
9559, 4414
6921, 5841
5556, 4203
4899, 6352
7502, 3012
2969, 1850
3244, 72
3947, 8009
9030, 5778
2652, 32
3846, 2496
283, 795
9308, 2399
5805, 3908
2269, 4468
1525, 7903
3307, 3545
4341, 1971
9551, 7650
6846, 2742
4563, 635
5828, 5635
444, 9712
925, 2251
3909, 4472
4664, 821
5799, 4623
2010, 7315
5396, 4191
5187, 8083
2867, 5066
1471, 3550
8997, 3655
185, 8241
4118, 8134
874, 1269
7311, 769
735, 9405
568, 706
6808, 3227
9660, 8011
2845, 6304
8933, 8870
7723, 2111
1109, 9177
8476, 8204
6678, 3925
6421, 8582
2202, 8540
5753, 3789
9804, 4412
2090, 4306
8359, 9132
4559, 235
6229, 1058
9009, 2159
5423, 9871
1024, 2916
6676, 7272
9251, 5618
709, 6690
2109, 1779
2477, 2888
1418, 4010
5805, 5916
9576, 2398
8085, 7784
8515, 2113
1791, 8096
5993, 1473
6902, 8582
732, 1578
7508, 1144
2438, 8709
8856, 7018
870, 8466
8294, 2028
7464, 3261
7449, 2473
6003, 3952
7460, 8251
1788, 9861
694, 9293
3880, 7574
4555, 4991
2591, 7363
3055, 6784
9052, 3423
2637, 3307
7457, 1624
7542, 2080
871, 6993
7182, 4461
7299, 7517
8272, 4537
3316, 3962
9489, 9342
5384, 5032
6610, 3072
2350, 3429
5759, 2494
4759, 4278
4084, 6068
9558, 5716
2799, 7642
1014, 7872
1329, 7437
9355, 5700
926, 5512
8960, 568
7845, 2943
1823, 7102
4009, 8455
6896, 9995
5453, 3317
9433, 9922
2046, 210
8243, 5662
6602, 3016
9805, 6235
2446, 5979
3866, 6722
1661, 8662
5013, 207
3101, 9361
1749, 2241
2220, 2253
6219, 6030
5088, 1164
6664, 4976
1243, 5520
2924, 7648
5469, 9406
5337, 2381
7219, 381
5686, 9369
5534, 2545
5439, 2689
3823, 5855
3930, 8087
8718, 1773
3636, 7165
4009, 4552
6346, 2015
4233, 2336
9460, 1454
1617, 4036
5707, 7173
8384, 9765
3643, 7866
4870, 6938
4036, 3618
4098, 9840
7818, 481
9146, 1996
5357, 7374
7108, 1134
4019, 4847
705, 4179
8944, 3493
218, 7575
8360, 9862
8354, 8501
6571, 4787
3547, 3758
847, 6886
452, 8161
4252, 5915
192, 1164
1184, 5591
4594, 4832
5859, 3081
3748, 3434
4068, 9851
5703, 2467
2962, 8964
3173, 9526
5320, 6574
658, 233
7472, 9632
9345, 442
8936, 1703
3059, 2167
5457, 6470
1242, 7978
9572, 8454
4379, 7647
3263, 3147
4482, 6644
1229, 5782
3423, 9452
8372, 6608
5727, 1807
6760, 4538
566, 3826
701, 2238
359, 2302
1593, 1041
1894, 960
1736, 2455
532, 2156
1737, 1555
970, 7215
4390, 8746
3154, 4576
4017, 6531
6190, 5585
8809, 6349
171, 6872
5036, 349
2176, 5908
5206, 2802
7521, 2335
9288, 5479
7473, 6111
3732, 8436
6644, 376
9637, 9281
2466, 8866
5291, 8617
3527, 6370
3795, 6742
3319, 5015
1238, 1599
1855, 5012
3032, 4171
7351, 1109
928, 5344
6307, 639
3880, 6621
6633, 9753
2906, 224
3420, 1505
7290, 4245
2199, 3212
8915, 7627
7318, 3694
4025, 7780
3038, 3330
7550, 2378
1309, 5654
2880, 681
6300, 4103
9583, 8892
3713, 324
8220, 5383
7760, 1761
7693, 9134
7010, 7067
5630, 945
2942, 4579
9873, 5974
9219, 4520
7430, 3857
8248, 3349
614, 8929
714, 4277
5912, 5434
7349, 3470
6294, 6314
430, 4673
3386, 410
6189, 3196
8546, 4132
1800, 2010
7732, 9548
9561, 1081
154, 5996
8978, 8261
1582, 9071
8887, 1605
8481, 6026
1930, 8770
4980, 8738
6053, 9872
1194, 4766
7343, 6458
2789, 2906
5345, 9582
7709, 8148
466, 6658
8959, 6055
879, 2770
3010, 5170
6822, 1944
4165, 4613
7201, 5702
3172, 8583
9681, 738
713, 2246
5376, 4143
1870, 5676
9928, 3924
273, 650
7938, 8555
3281, 6756
3990, 1800
2213, 4488
2801, 5075
7660, 2252
8645, 453
2191, 516
7722, 2363
1138, 6077
4546, 7882
137, 5625
4282, 2415
4967, 2567
6029, 9729
1442, 6670
3843, 7478
7075, 2774
6726, 2126
5257, 8979
533, 304
3116, 9471
2769, 9824
7119, 5698
9332, 2585
192, 6512
2050, 2252
6537, 3376
9272, 341
3096, 309
8833, 343
5324, 2507
4504, 6244
4182, 6063
8487, 4698
3151, 7995
9358, 9853
7416, 4349
4591, 6237
5003, 4562
1109, 3140
817, 3780
4133, 2430
9790, 8078
7853, 7045
4550, 2200
7818, 1097
5619, 7076
2965, 8152
7966, 6547
1933, 8463
6538, 6596
3680, 2717
9489, 2042
1042, 5360
3350, 8921
8352, 5999
3946, 6333
4143, 7795
762, 7304
7790, 8995
1973, 3078
5706, 8858
6875, 8237
5951, 8935
8656, 7702
492, 1505
2080, 9875
3567, 5653
1165, 956
4688, 5630
2068, 2970
7114, 335
4062, 8303
3267, 5904
7010, 6144
45, 6434
2072, 7425
5285, 497
3896, 1851
2521, 7253
1952, 3404
647, 7589
3460, 7259
4272, 2217
736, 6166
9531, 937
8553, 874
7846, 9048
9586, 8414
9543, 4663
779, 3405
3856, 8791
4163, 8094
5889, 7071
542, 7185
8296, 2517
3937, 7129
1235, 2189
8186, 1520
9478, 7228
4893, 9772
8216, 903
8489, 8220
7544, 1389
8714, 8510
1949, 6669
4647, 6113
8330, 8998
8939, 5569
544, 169
2705, 7924
6382, 669
7768, 7088
628, 7823
3894, 5127
3061, 7411
1417, 1761
7291, 5147
7272, 8916
8436, 5523
7001, 9874
730, 231
1244, 4992
6048, 434
6068, 4062
1976, 2212
8917, 4119
1985, 670
8552, 8311
5518, 749
4220, 9412
4578, 9089
8215, 3210
3991, 1369
7147, 6775
1391, 4477
5811, 8352
2801, 6072
3436, 2718
6837, 6432
1073, 41
9275, 4306
6894, 8799
3716, 7327
6358, 8896
4884, 2381
4176, 137
7728, 4075
4188, 124
9074, 3910
8484, 8072
9515, 4865
6285, 5370
6088, 8148
6701, 3264
3677, 4163
1046, 2182
1533, 1721
6768, 1055
3180, 8466
2821, 8625
7324, 178
5910, 477
2675, 725
5499, 9481
2238, 7060
6088, 3260
8366, 6161
5931, 1414
7185, 5551
4673, 4841
2300, 7568
3288, 8216
9444, 4204
3087, 4603
2076, 3723
4122, 1740
6392, 4320
6802, 8625
272, 1299
6377, 518
8064, 5081
3035, 1542
2700, 1809
608, 806
2417, 3805
6062, 4878
8327, 8187
7371, 6853
4802, 2032
7968, 3768
4056, 9712
265, 4790
9181, 2796
2408, 7291
8505, 968
8026, 9159
1835, 7095
9665, 4603
7000, 7366
7505, 8127
460, 4803
9206, 8594
2816, 2328
7298, 4831
5276, 3383
309, 1289
9508, 307
3429, 6883
3854, 7800
5389, 7823
7076, 1241
305, 2144
2229, 452
8351, 4013
9030, 8580
7969, 2293
1061, 1411
5295, 1370
5230, 4378
6274, 7164
4246, 4614
6163, 1795
9557, 6969
3570, 8647
3249, 5146
4819, 9855
5141, 8681
4226, 4437
1184, 8019
5047, 3331
810, 1103
4981, 8492
2625, 4371
2876, 8489
4802, 9158
4270, 4398
7796, 5506
7871, 8856
9470, 2421
9445, 4422
8, 7557
8655, 3841
1774, 8045
6274, 5258
4289, 3129
1342, 2110
5192, 3658
9536, 9800
1301, 3046
81, 7603
274, 2175
9963, 8474
7721, 5646
9883, 6767
1283, 8828
6881, 6804
7912, 4749
7525, 3561
7717, 1657
5429, 1170
9164, 3864
5049, 3540
1877, 2970
5319, 173
7170, 4688
33, 7757
1681, 3514
7356, 4660
2506, 8494
524, 2378
2056, 1217
6124, 901
5557, 102
9913, 2458
8077, 7665
6478, 9555
4485, 406
3994, 473
7956, 5794
525, 7118
1007, 389
5730, 2074
4147, 1515
5014, 1265
9851, 6582
8679, 1533
6066, 8106
8183, 9996
6226, 9524
9488, 3608
5371, 2776
5217, 895
4175, 7253
5655, 5072
7082, 1639
9735, 337
1775, 3193
807, 3231
3613, 2661
7020, 9890
2576, 2506
5470, 2044
9796, 73
2152, 2559
245, 556
4764, 2568
7169, 2114
755, 8876
5071, 267
9042, 1325
2217, 3661
1176, 5449
3749, 65
8964, 2719
9282, 445
3155, 9006
9725, 3887
2759, 2076
3570, 5538
8819, 7264
2448, 3664
2802, 9389
3141, 9781
648, 1868
5977, 5883
673, 4005
4311, 2007
6613, 1929
8982, 5200
93, 5598
9766, 6791
9855, 5224
1989, 6823
8388, 2369
3409, 27
5115, 181
4024, 2022
1463, 6092
475, 5715
1379, 5060
3969, 5145
5494, 9547
7256, 5338
2289, 7894
3030, 7193
6006, 4449
4061, 694
8370, 6132
445, 7784
955, 5758
1156, 2502
7701, 9024
7712, 4289
9469, 728
9381, 6913
8841, 4792
202, 3562
1895, 547
1470, 8442
2369, 36
4136, 1074
4754, 9755
812, 2943
323, 9077
7849, 6821
5918, 407
4015, 8023
8324, 4166
894, 1413
5850, 2310
8057, 9410
3341, 5420
5674, 1184
7078, 9602
6607, 6139
3433, 6760
274, 2559
9831, 2193
6998, 1702
324, 1377
2301, 4626
8531, 7760
9654, 5587
7245, 1179
3924, 8198
8128, 4088
9482, 6507
20, 2036
8371, 5809
4761, 3116
1806, 7056
3356, 1876
582, 9746
2680, 6886
6671, 7951
5993, 9306
4412, 7267
3517, 430
9774, 526
6803, 8499
7303, 9833
837, 5941
4973, 1408
2849, 6532
2138, 1936
3234, 6083
8847, 3565
5711, 4333
9129, 1632
5497, 2143
9116, 8013
3288, 6629
6843, 9357
6975, 5749
8298, 4796
219, 3666
7611, 9536
6299, 5102
6868, 1508
6873, 3296
4226, 9073
2103, 3453
5559, 9832
4085, 1206
4014, 1358
1807, 2990
8943, 532
4626, 151
8158, 2066
8815, 9384
6270, 7232
3240, 9404
1459, 225
3160, 3305
4197, 9804
7551, 828
1857, 4040
4795, 9630
6585, 6019
34, 2949
683, 6271
2860, 7434
8191, 538
2333, 8450
9177, 9704
7280, 6251
7727, 9935
4799, 9093
6453, 6479
1646, 5786
6788, 3484
1176, 5819
5577, 857
1634, 5369
6297, 6019
7307, 9325
3154, 4487
9109, 6436
5069, 3361
2173, 3867
9056, 194
2245, 4322
4976, 1916
2148, 9376
851, 7694
1987, 3172
6691, 1399
6856, 5859
9871, 2744
7743, 7538
1771, 6875
9828, 7601
9592, 5562
8318, 9458
127, 9421
9493, 2390
2918, 2228
6964, 4787
9445, 637
7834, 4051
3202, 7074
2394, 7947
1832, 2370
5922, 3654
1510, 8058
1512, 2494
6148, 9840
5824, 4951
3089, 4140
6043, 3720
8936, 8739
2634, 2198
160, 1858
4928, 3343
5458, 2563
9397, 6720
5142, 6271
5606, 148
9670, 3312
3978, 1769
8676, 7522
8832, 1504
2871, 4070
2068, 9585
8417, 9345
2880, 5369
9612, 4423
2719, 3633
7954, 6576
2477, 5020
7948, 3637
7130, 4988
4978, 1402
4061, 338
257, 2663
117, 2400
7003, 8916
2363, 5197
6665, 1008
8035, 7860
9659, 2686
5714, 3433
9567, 2493
585, 2538
6240, 9907
175, 9309
2022, 6741
2797, 7756
5515, 7413
5506, 2761
6734, 9161
4439, 5087
9104, 4948
9405, 2760
1052, 9651
9106, 2821
980, 9942
4915, 6621
1558, 2312
6571, 4900
6285, 8765
8042, 5175
8356, 1912
5601, 2290
9829, 5590
1705, 9422
3328, 2282
8147, 3930
8311, 8582
9258, 8405
1414, 4258
6165, 7894
8272, 9677
2840, 2904
3556, 9709
1914, 5813
6015, 5924
4146, 845
4091, 2609
746, 3587
7636, 8592
5830, 5156
8907, 6144
8174, 3557
3060, 4254
2838, 1641
4714, 7539
2350, 3788
8531, 8439
6390, 8302
6158, 832
5706, 5263
6200, 9019
5291, 3603
7661, 3781
9965, 3379
5148, 9447
7533, 112
1812, 3292
3691, 2964
3866, 6545
21, 5751
4893, 5336
8100, 5003
1872, 5416
6399, 9396
1926, 2212
877, 7175
6253, 5350
1881, 7886
1968, 3416
5454, 6022
7280, 7263
1985, 3221
4702, 3861
7022, 8923
9871, 2033
8299, 900
2913, 2197
4153, 4262
5869, 948
1912, 3150
8626, 3454
1034, 5409
5345, 7001
8528, 7970
2296, 2926
5776, 8623
3350, 5005
4968, 9304
9741, 6237
1853, 3613
7973, 1316
3628, 9219
9772, 464
8385, 6435
1580, 1792
6822, 7758
1685, 8833
8195, 8417
6778, 809
3428, 6257
808, 3034
4360, 6164
6063, 3987
3685, 3644
9333, 7817
9609, 4528
6256, 6909
7308, 744
8882, 3626
3313, 6725
7442, 5774
7739, 6346
1492, 579
5036, 1803
3082, 2296
2537, 2513
4851, 9312
5241, 856
8466, 2327
9036, 3845
9899, 1741
6665, 4134
1638, 1440
335, 1464
341, 2394
9181, 2127
7426, 6724
2349, 5206
9922, 5653
1690, 5891
8150, 8108
7107, 5046
9136, 6870
6120, 2974
7954, 924
7265, 4568
3905, 3708
7950, 869
6393, 6066
6617, 9382
6347, 4210
4200, 9735
9890, 3381
3582, 9477
8867, 5166
2449, 2013
6321, 520
7782, 1891
8064, 4686
3128, 1211
5410, 6230
4008, 2248
1294, 6667
7743, 1647
3502, 6597
3662, 7287
2391, 1703
1190, 191
2580, 5877
6164, 8907
4475, 4448
7972, 7581
3089, 2336
4758, 4892
8297, 45
5614, 4628
7767, 4073
5957, 8233
3747, 1805
9566, 8537
8169, 9855
2947, 830
5694, 125
1373, 7052
9965, 6200
2497, 2685
5151, 4000
3752, 4342
9112, 7512
8280, 9318
8766, 1670
1822, 475
277, 4857
2909, 2720
118, 8487
559, 7767
8030, 9490
6938, 7775
8610, 5479
94, 3186
3201, 5283
8219, 1774
6209, 1105
4080, 14
1387, 2980
4126, 5300
915, 8366
1755, 7141
2208, 2651
6738, 5345
3882, 6717
5911, 8429
8721, 8388
5800, 9983
7513, 8122
6879, 4837
7011, 1368
6277, 1267
1944, 3257
8625, 5799
1246, 2681
4973, 7643
2749, 137
1881, 7686
3195, 930
6985, 7519
6211, 5027
2217, 7039
6373, 5128
9809, 7249
1111, 9625
6596, 8137
5432, 6765
7842, 8223
4213, 1305
9102, 1751
9509, 3610
393, 3805
3103, 1034
1613, 8370
9243, 4097
662, 4942
7430, 5356
7258, 5569
751, 4323
9562, 2250
8830, 3353
3056, 3410
7300, 9653
9048, 598
6814, 8888
316, 9088
483, 5018
8135, 3905
6077, 2726
7035, 2365
452, 7550
8797, 4690
8678, 4300
4366, 9798
6387, 1831
9317, 7341
4996, 1134
7384, 3684
6955, 500
2794, 2605
838, 9000
4942, 4823
9213, 1519
8633, 7001
2043, 9793
9110, 8458
5562, 7981
6947, 7888
5607, 409
2008, 196
3412, 3034
6248, 4094
2124, 7980
7999, 9107
4689, 8126
844, 9143
2977, 1310
7273, 5104
3111, 8268
2565, 1289
8942, 5742
4674, 4943
6465, 5872
1754, 6956
8637, 9733
5389, 541
7208, 7742
5525, 6706
954, 8566
650, 3810
9577, 1320
1938, 5033
3188, 269
8816, 2751
5205, 3830
9869, 6933
8137, 7106
964, 7551
5884, 8236
4183, 3033
3357, 9189
1504, 7063
5985, 5465
6721, 6253
1491, 5281
7485, 9623
3129, 5508
1135, 2374
3410, 9370
5688, 7160
2459, 1471
8167, 9154
3393, 8256
6448, 7165
6784, 8134
1375, 3387
3962, 4524
6085, 1796
7316, 958
3473, 7873
6058, 736
4283, 8580
3427, 2280
4233, 2578
9167, 5385
3140, 4750
5708, 8957
8053, 308
1704, 8894
7209, 2526
481, 7137
3540, 1702
360, 1631
1297, 1049
3284, 2833
8920, 7044
7139, 1976
1320, 6750
9148, 5719
8819, 8546
6943, 4157
249, 6247
9389, 9603
3325, 5870
2660, 366
4100, 1639
5539, 1745
5707, 9295
7500, 2338
856, 4314
119, 1511
5225, 538
3587, 8077
6857, 8746
1367, 9957
6881, 4089
2551, 1787
6203, 982
50, 6292
5249, 356
6952, 3716
2612, 186
5369, 1114
6393, 7450
8361, 4616
4957, 2875
6575, 354
9002, 1062
669, 3218
3442, 4490
8889, 5990
1223, 8092
2442, 3847
8509, 7086
6415, 2294
8247, 1610
2473, 8581
8238, 5820
2968, 5904
4768, 7850
9043, 2550
7093, 2640
7489, 8728
8109, 6588
1189, 4908
4950, 7491
8663, 4430
3433, 4158
2620, 8916
9283, 3173
3767, 6797
6785, 565
505, 8149
8069, 3105
8004, 1143
2870, 1427
2238, 848
7156, 1949
8097, 3772
6936, 2417
7743, 3087
1033, 3609
8771, 3058
6731, 1219
3890, 7575
5218, 3325
3536, 6299
1925, 2073
3150, 3208
5182, 4333
4689, 1156
9133, 8138
6319, 9113
4540, 3606
691, 1394
9534, 5224
4288, 862
5008, 7680
9217, 3700
113, 704
238, 1124
1038, 6155
2604, 854
22, 2969
9900, 4145
3852, 996
5651, 5801
491, 6786
6457, 3238
1188, 9311
1098, 9502
3938, 3493
4251, 2350
1855, 7931
2583, 2282
4799, 8184
39, 3870
5818, 3651
7823, 9680
4600, 3097
5445, 2853
8372, 4777
1053, 1484
6739, 6847
544, 8571
1918, 5483
1275, 1524
4346, 8045
2420, 8627
5193, 2720
711, 9959
3865, 9824
8366, 4330
1851, 4905
1199, 7983
9566, 862
7583, 1767
2826, 6498
196, 9824
6296, 2102
3369, 1019
7406, 7840
5242, 4744
825, 5428
7151, 2544
8835, 8833
8438, 1071
3108, 8715
5913, 9052
7188, 1521
9326, 6918
2894, 2555
8109, 2685
689, 3633
5532, 4746
464, 8970
7478, 4395
1753, 4656
7483, 1759
5939, 3164
1761, 1658
7312, 1988
9832, 5830
9682, 4254
1723, 1703
5450, 1551
3505, 8281
1515, 804
6643, 2840
1869, 3900
4697, 3580
7310, 8544
4190, 1359
8099, 6080
3874, 2156
6332, 9628
4349, 8261
5573, 2539
1344, 5233
3864, 7756
632, 8432
6480, 390
9644, 7757
457, 4094
966, 3471
7683, 2133
367, 7531
405, 6843
3858, 1290
6127, 4836
1426, 4611
4615, 357
2343, 8340
8597, 9868
9364, 8002
4938, 4633
68, 8491
3323, 8700
8707, 7604
4956, 4460
4873, 9156
567, 5809
5425, 1564
8139, 655
6424, 5537
3153, 5680
6784, 7320
8234, 1837
1828, 2236
53, 1849
9270, 3407
8317, 2122
5204, 3835
1934, 3380
5194, 6836
8568, 9907
2544, 8012
1724, 5748
5012, 1890
4227, 785
9331, 8648
9678, 5432
8256, 4383
7688, 7000
6999, 5169
9112, 3943
9707, 3403
5843, 5202
6987, 8581
862, 161
7108, 5423
1681, 2294
7728, 5242
7158, 5458
4828, 7345
9617, 2517
6663, 2386
410, 4336
7414, 2412
6197, 2776
5348, 7574
6435, 4314
6599, 8762
2993, 2661
7710, 7437
1774, 328
3014, 1531
1307, 9001
9436, 1187
698, 6479
9964, 7549
3017, 9965
5656, 7620
5288, 1772
8821, 5540
4261, 9508
7567, 3552
6297, 4918
7789, 64
7244, 3240
3103, 1158
3603, 6094
580, 9948
4106, 65
6920, 6507
9052, 7087
8106, 2122
927, 352
6187, 4401
9501, 8704
7442, 2793
3772, 7677
6701, 2771
6127, 383
5666, 7137
630, 9086
4676, 2053
6721, 1173
4913, 9892
4338, 6386
3992, 8086
5743, 9574
2440, 5868
1703, 5807
3171, 4511
796, 8943
2417, 9153
3502, 2985
4849, 7650
8665, 8392
411, 4306
9012, 1180
3984, 6381
4251, 2722
3923, 4152
5863, 7054
7089, 2071
6952, 9128
7051, 8664
3716, 5104
8292, 3951
6730, 8223
3110, 4383
7663, 4156
879, 9538
458, 1511
2041, 9621
939, 2069
1736, 7747
1653, 2937
636, 2061
5549, 5867
8214, 3171
9066, 7640
6615, 3889
8492, 3734
5459, 7912
9210, 4658
3157, 4855
4900, 1784
9340, 4759
3110, 9438
8627, 5184
3213, 3278
2479, 9275
7092, 4846
7137, 4613
7896, 9789
3387, 7437
7194, 9116
3039, 6283
9698, 2278
5715, 1212
8033, 9854
7041, 9246
9663, 4516
8619, 6820
8978, 4723
587, 8870
2416, 9082
473, 9353
8188, 8580
998, 1798
5660, 119
8676, 8474
8091, 5542
2888, 6458
7115, 2051
344, 2976
2658, 5861
2655, 1942
1061, 849
1120, 6734
1378, 7016
9271, 2555
4071, 3197
202, 7232
5088, 7377
4958, 179
9933, 2093
4566, 4558
1346, 9643
807, 3890
1049, 3634
7079, 8551
8386, 7372
979, 2085
2330, 853
9983, 3144
4905, 2546
5273, 804
9525, 9132
2663, 3957
8981, 2168
7470, 6209
9744, 8948
4132, 6348
2275, 7280
4541, 4807
1729, 7270
9090, 5783
9012, 7063
4577, 7613
1554, 9988
7005, 5031
956, 4021
9269, 4291
3312, 1562
2642, 3963
4222, 7788
7306, 3570
2999, 8879
6035, 8217
2129, 3207
1505, 7614
6311, 7907
1551, 2993
6589, 634
8492, 1300
6402, 6481
9677, 703
5246, 1158
8001, 1806
8090, 7724
7186, 8487
6719, 5891
4438, 6251
6951, 7539
6725, 8537
16, 8117
7877, 7801
7343, 3054
162, 1324
6721, 4185
3737, 3549
3068, 1632
2259, 4772
6068, 823
1823, 2519
1961, 9013
1528, 6941
6062, 4063
9702, 2817
9060, 8835
3824, 3327
5781, 926
1007, 4862
6141, 4330
4413, 2426
2851, 6696
2236, 3661
9109, 9205
9620, 5881
4417, 380
2948, 2244
7952, 4361
5146, 5377
2956, 4357
8717, 8295
2915, 7491
2359, 2640
8244, 3285
3409, 5984
198, 6428
9302, 1456
6903, 6602
8825, 2326
4130, 453
5923, 2547
1338, 9835
4308, 2664
2099, 2877
9051, 8582
4880, 1673
3777, 1857
8070, 984
9471, 4896
7104, 3808
6543, 8227
8332, 2471
6240, 833
5394, 7253
2132, 9886
5301, 4580
1620, 7861
1602, 5415
7219, 9144
3829, 3796
4959, 2785
8924, 2495
7284, 8339
2243, 2293
7386, 4770
205, 1938
6063, 6412
8116, 2191
2416, 2002
2712, 7275
5088, 2167
9795, 1189
3403, 8660
8254, 883
4388, 4214
4940, 7459
4763, 8341
148, 3355
4922, 9329
8492, 142
2158, 2683
1760, 6814
2371, 8669
7266, 2985
297, 791
9868, 5234
4450, 2087
289, 60
9885, 5444
4433, 1365
9709, 583
3451, 3597
8354, 1271
2541, 8017
2265, 6208
5447, 9240
8911, 1487
5933, 4026
2657, 5820
8251, 3656
2879, 1587
9603, 2972
9822, 9777
1841, 78
925, 2169
2416, 9359
2576, 7936
8070, 2534
4328, 7483
9130, 4261
8275, 6402
758, 2471
2719, 5697
439, 184
6346, 4891
6993, 2929
3542, 8764
4128, 6766
8168, 6585
9145, 1022
2815, 4902
6287, 5975
3585, 196
4705, 3571
5521, 2196
7408, 5739
4141, 2541
1375, 4974
1540, 630
9155, 669
7573, 928
1018, 7943
6242, 4211
3816, 4460
6884, 4084
684, 3568
2648, 6831
1825, 2591
5574, 5767
6288, 9111
2834, 2055
2147, 6262
891, 4692
5972, 1937
9361, 6785
9332, 1677
3765, 4702
1688, 1982
4904, 2127
8526, 2298
9525, 3172
7725, 5801
5578, 2138
6378, 444
625, 5277
3831, 3271
2942, 7032
2582, 3628
3969, 7515
5147, 5572
8571, 7784
9583, 2733
3005, 5194
2369, 4075
3963, 9906
3527, 4908
5760, 6431
1986, 1581
6939, 9737
4191, 4290
2423, 8906
7018, 6102
3481, 3130
2397, 2223
8610, 7670
2950, 9452
789, 844
6119, 7023
354, 7974
551, 5937
6352, 8992
758, 2278
5609, 9752
6493, 7182
2655, 8721
8884, 3045
1868, 5683
7101, 5128
7528, 3122
4205, 8004
8404, 602
8763, 2029
563, 7172
705, 3143
6456, 9176
7792, 7269
5337, 5487
96, 6364
9795, 2499
4052, 1682
8968, 9077
1516, 2745
5204, 6826
7444, 7906
3661, 2548
3050, 2127
9241, 1353
6989, 7514
8345, 3938
5920, 8443
642, 8066
910, 6506
8396, 4353
6088, 7265
8036, 7076
2554, 8317
6012, 5050
2971, 7297
6483, 6597
835, 135
1807, 7523
6295, 7892
7397, 3817
8032, 4055
4699, 763
2137, 9054
3622, 3578
1815, 7092
9405, 7034
2803, 4571
6142, 2431
7075, 3234
8798, 1892
2871, 1683
5116, 9895
7278, 1964
9119, 388
8889, 8231
8414, 4829
1431, 8457
1774, 1443
1808, 5171
8182, 9315
477, 1224
4750, 784
4964, 28
4710, 4264
7874, 6981
1235, 4438
1041, 2818
4244, 1956
8553, 9972
6243, 9995
5955, 1916
7398, 7769
6888, 9139
1541, 5581
56, 448
5959, 6977
6534, 9930
7765, 7877
1920, 4570
3920, 9172
589, 7979
270, 1781
5391, 4753
5007, 2912
4073, 1811
6318, 8891
8874, 9367
5539, 7233
966, 921
3189, 8174
7989, 6503
6684, 9337
7685, 2380
8837, 6413
1419, 1127
5327, 6310
5031, 9671
227, 7285
1525, 3429
6224, 8096
9984, 1934
8004, 6905
5985, 1772
7222, 3209
3445, 1824
7152, 4633
2316, 4254
2683, 6093
3886, 724
7490, 3837
3512, 5448
2473, 6770
7252, 7774
6454, 3065
3351, 3747
4573, 502
4979, 3753
3961, 5401
5021, 2511
1478, 7398
4073, 8987
188, 115
4033, 3191
5718, 2931
2116, 3206
2033, 1097
1563, 945
4960, 3180
1848, 5795
108, 9686
1655, 6317
2744, 6296
3814, 6406
3346, 4158
1921, 9187
6726, 7018
598, 5535
3437, 5104
1655, 2887
8274, 749
8701, 2805
229, 341
2442, 2358
8521, 6888
9415, 7002
6712, 7616
1916, 5720
3766, 1529
4014, 3499
8946, 4461
7730, 669
9033, 3595
32, 9519
2469, 5427
8930, 4210
8131, 1617
7612, 3221
2002, 8916
4758, 2635
3143, 9146
8837, 2776
9502, 4842
6552, 72
8587, 7309
2989, 3612
3614, 217
9171, 8386
852, 1932
1195, 4495
5738, 8402
7096, 9244
3597, 562
5509, 2267
9645, 4891
5349, 9444
6240, 5287
134, 5776
1138, 1657
1695, 337
4410, 2664
7400, 1964
6056, 9880
1897, 6276
2443, 417
2251, 5012
4063, 9886
8906, 793
5811, 3013
9932, 8954
9113, 3470
9339, 437
4822, 5601
1198, 3831
201, 784
6646, 3783
1832, 6671
1988, 7503
3094, 8156
5528, 408
9185, 702
7764, 5618
5000, 9230
3566, 4365
5226, 8076
7061, 1510
4234, 7760
3723, 1793
1774, 6510
4273, 528
3222, 6309
6080, 7053
3545, 1924
7123, 1018
3979, 6761
5010, 5490
9692, 3992
6154, 2763
2714, 4180
6136, 9611
8934, 7597
8036, 164
6596, 7606
6554, 1742
9372, 5729
4435, 6655
1629, 9962
4002, 681
5489, 9165
1243, 6096
5900, 4964
3774, 6454
1822, 2241
4913, 8597
4488, 3813
1483, 1545
8395, 7274
6605, 9912
4700, 5475
4107, 8430
8659, 3134
520, 6329
3283, 1619
5856, 1454
516, 6765
8222, 9222
8588, 9985
1438, 7880
3836, 9743
7981, 9412
7462, 9412
8252, 1337
5309, 1801
4516, 4276
5140, 540
4467, 887
9721, 8330
7236, 9505
683, 9733
3325, 2575
7205, 4199
8946, 1775
6591, 7316
5079, 2140
5338, 309
4530, 2331
8233, 1734
7247, 4881
6255, 301
7293, 127
4947, 6037
1109, 3387
6048, 4039
4187, 7420
2953, 5284
2830, 2497
2138, 5794
8633, 6703
6185, 1712
7756, 9846
2539, 3079
4500, 4766
2675, 1631
7126, 8355
3334, 2011
7756, 2538
2170, 6706
9126, 8447
8733, 6075
5266, 6173
8017, 1892
5638, 1673
9077, 8447
1881, 5211
5231, 5402
6129, 8201
3189, 8649
8, 6834
4170, 9634
8296, 6964
182, 6037
6277, 5179
6815, 5046
3210, 1335
7715, 9128
6587, 5944
5032, 6744
857, 3385
5258, 2339
69, 6358
499, 2501
7100, 715
3114, 3567
9984, 1818
3810, 1860
4791, 6088
6690, 2176
7836, 6277
7317, 1046
3940, 4151
6376, 6564
6811, 2946
8769, 8629
1933, 6022
127, 4803
7168, 4788
1596, 9574
2590, 6574
7966, 8926
3265, 5131
9005, 8393
9079, 8435
3568, 4049
9589, 109
64, 8277
4760, 1427
6702, 6722
5062, 7006
7904, 8542
4947, 9684
3750, 4338
6160, 9610
7755, 2529
7133, 8807
4695, 4617
7743, 2264
7729, 7044
269, 6185
1954, 3291
6868, 5830
6229, 6040
3611, 7999
3466, 7943
1105, 7297
7962, 233
562, 3975
2404, 7796
1272, 8700
7590, 6010
9821, 7387
1864, 8499
6207, 6053
5746, 7834
637, 2910
2061, 5938
3470, 2773
6231, 3283
2673, 2046
2496, 5509
6894, 1934
5457, 6839
9515, 6610
1005, 5133
6923, 381
3600, 884
5410, 300
9700, 4066
2579, 1175
7586, 1903
154, 6838
6869, 9178
2133, 381
2458, 6938
4397, 7702
4308, 8130
2146, 4777
3996, 1119
5413, 1451
4469, 8017
1807, 2545
1389, 2467
4510, 4159
5344, 6537
6865, 7953
519, 9382
8392, 7412
4717, 2871
9310, 3666
1378, 4608
9427, 1881
8313, 7408
338, 2455
2380, 4595
5665, 8981
6991, 3428
4135, 1724
3650, 1309
4568, 8056
5120, 9341
2251, 7047
9556, 9812
2668, 6030
6139, 5086
126, 9657
8500, 7081
8920, 7981
4020, 3077
7904, 476
5751, 7464
534, 5523
3776, 1115
7431, 547
4386, 8484
8162, 6267
2951, 912
3622, 622
3693, 2461
2618, 6422
529, 6049
4919, 3957
3539, 4507
9696, 6500
6585, 7700
2930, 9434
7664, 5665
8566, 1130
1628, 2264
1267, 7034
6833, 9677
7632, 427
6618, 9864
3639, 6410
1303, 2836
69, 8274
2468, 710
3278, 4651
9507, 3080
2846, 7123
9356, 9713
554, 4087
731, 4115
3781, 3503
8343, 7697
4175, 6740
5395, 5659
6903, 3262
4750, 5191
4001, 3534
4869, 5454
2642, 4132
2343, 6064
2232, 8078
8233, 4581
5175, 8542
6176, 9713
9886, 631
908, 8050
9256, 580
7317, 6201
1631, 389
5869, 1555
7866, 1910
6244, 4851
5095, 1230
3243, 910
4532, 3201
4992, 7907
2183, 1138
3448, 7365
3278, 3513
8795, 8726
3857, 5901
344, 6881
563, 7406
9193, 8740
3511, 5297
9426, 617
8558, 3625
8547, 1951
2591, 1342
3117, 5690
1840, 9373
5217, 7891
401, 9932
9492, 7373
6680, 5176
2399, 7718
1526, 3965
2114, 2518
3849, 9777
488, 4823
6491, 2285
2438, 7856
4007, 4713
5646, 6736
9835, 7107
720, 9924
5081, 9660
2271, 8245
8728, 3167
5697, 3425
1848, 4959
8832, 8388
627, 44
4335, 4786
2014, 2161
2902, 9076
1455, 4493
878, 2525
2520, 1852
1272, 3352
7073, 9489
5559, 9520
1780, 3346
4862, 3019
9794, 3664
5444, 1588
9859, 2818
4292, 612
7963, 9933
7105, 9436
8103, 3346
2311, 7281
3143, 7220
1372, 7876
1942, 3940
7366, 6189
8356, 8859
8854, 963
5300, 1539
2418, 5243
1905, 6514
6432, 6539
3996, 3396
9421, 1050
5585, 3237
9774, 5126
6920, 7304
1278, 32
7511, 9670
9671, 5176
7700, 2678
316, 9921
4327, 4229
1314, 9537
8222, 7315
526, 7080
9739, 4394
9273, 1050
56, 4651
8225, 4874
1995, 7510
89, 1108
9268, 8950
8417, 9383
6739, 5832
4816, 4062
1766, 38
9885, 3722
6352, 1476
5597, 6574
2086, 37
2503, 5638
67, 4939
3524, 6244
235, 1449
2210, 9608
8300, 8919
6375, 8492
8064, 658
3970, 7577
5599, 7261
8973, 9034
578, 1752
3087, 5659
2866, 8171
2718, 9181
2495, 9327
2561, 5689
8812, 8105
4867, 9854
5256, 8932
6996, 4665
216, 1098
778, 5840
3423, 14
5078, 1723
1951, 8777
2833, 4047
3993, 400
8036, 7480
8017, 9294
3942, 7235
2477, 8611
4160, 4261
1260, 5464
1629, 2540
4547, 9902
9565, 3120
1506, 531
6361, 116
2326, 96
9024, 4895
1175, 5937
5856, 7842
8626, 7217
9233, 3238
8881, 370
6635, 4611
5669, 9270
8071, 7551
1702, 3262
2307, 6801
65, 4684
8911, 2833
3136, 6486
5253, 1150
6440, 7466
9814, 1419
6620, 9880
9390, 9127
6670, 9041
6217, 7479
6726, 3370
3968, 4978
2347, 7069
220, 4425
3662, 8220
5147, 8418
9238, 5138
6399, 9680
341, 8408
6195, 4960
746, 2561
9082, 4113
3984, 4211
1792, 737
2884, 5730
6610, 6337
1444, 6395
9257, 1012
7170, 122
3825, 233
1319, 9816
9800, 6018
485, 68
7761, 5665
7173, 2333
7608, 5198
9503, 633
337, 6535
776, 3589
6553, 5413
7878, 6378
3342, 8054
1918, 1528
5114, 2509
5998, 6450
9434, 8274
8679, 8133
8190, 4119
9746, 3030
6553, 1032
724, 7591
983, 6286
3964, 5894
3886, 7184
4297, 8947
3246, 8790
3208, 1403
1682, 5724
6730, 5653
8296, 3584
2661, 233
5613, 5096
5601, 2648
177, 9570
7827, 716
1962, 4778
7542, 653
3461, 9937
7301, 1756
3335, 3296
4693, 9008
4177, 1306
1023, 5322
6930, 8390
6203, 3911
3702, 9585
6680, 3187
348, 1695
2265, 6596
3014, 7962
1321, 3610
4554, 2809
4063, 5600
7077, 6222
5052, 3327
8174, 3900
5601, 6544
1288, 6242
9966, 9052
2722, 5305
454, 8818
1497, 4854
4478, 4643
2989, 2188
627, 510
1008, 8961
843, 4515
827, 6395
9363, 5526
6251, 711
2664, 1411
7000, 5974
5266, 3768
7686, 8709
8346, 4643
9061, 6791
4061, 2152
1491, 321
7064, 9455
6082, 3793
8899, 6745
5459, 7836
3770, 2189
4769, 3667
1926, 307
2891, 6161
4075, 5243
6009, 4
9962, 2331
7664, 5221
9223, 8612
2032, 9078
9445, 8735
3354, 71
1213, 954
9503, 644
4653, 3177
7380, 9567
525, 5418
6466, 8709
6844, 4601
4330, 4880
5641, 3901
6229, 4041
5887, 8941
5945, 9623
8856, 531
9463, 3976
7938, 2155
9617, 4091
8878, 2679
5434, 5384
5669, 7891
9670, 5613
901, 5039
7696, 9110
9866, 1295
8746, 1847
2744, 91
6031, 6217
9827, 5459
3525, 5151
849, 2915
8270, 7123
6728, 1439
3565, 930
3746, 8811
2917, 4465
4815, 1274
4781, 9499
5817, 5457
8240, 2040
802, 8678
850, 9595
8201, 4506
6972, 3064
3708, 8385
9096, 7296
3656, 8138
584, 4586
8907, 6031
5329, 5600
7914, 4187
3141, 1235
1727, 2626
4542, 6940
8043, 6802
3638, 3393
8505, 5908
5859, 5599
8914, 4319
9376, 3578
7917, 8233
839, 9295
5534, 7579
7787, 6273
8575, 1712
3809, 8328
1117, 2201
2670, 147
8521, 4304
1003, 2085
8479, 3079
5542, 2611
9667, 2205
9155, 3193
6887, 4940
5023, 5444
1337, 5474
2725, 8287
9353, 5913
3449, 5949
9049, 5765
7745, 3967
1837, 2298
8212, 6739
9601, 2136
5674, 58
4122, 5284
8115, 8820
4596, 3380
5301, 6874
363, 7814
2157, 9704
7206, 6477
2134, 2341
6477, 6953
5943, 1568
3291, 6739
8022, 489
4734, 3458
3802, 6169
91, 540
9903, 1151
6975, 1581
9603, 9943
6945, 1165
5309, 201
5699, 6881
9485, 8540
8631, 9680
4814, 9093
5213, 7072
2664, 1408
282, 621
5475, 5433
1605, 5509
3301, 4680
2828, 7827
2700, 247
5603, 3397
72, 2177
6636, 5404
5167, 2664
9346, 2017
3444, 6899
8047, 1631
82, 6066
6462, 1248
4866, 9568
3611, 4439
1820, 6724
7014, 2791
8009, 5156
7622, 2286
5127, 9910
4922, 6562
7975, 2452
5931, 8103
5312, 7260
5165, 2905
7974, 5473
4452, 5132
1733, 2737
5683, 9406
5047, 3620
3168, 8982
1493, 750
1924, 8347
9466, 1025
30, 355
6707, 9522
4039, 9431
6403, 4902
1392, 2095
7715, 7992
5367, 4479
8631, 234
1865, 109
827, 4150
5841, 7134
4828, 2576
5551, 5293
1075, 7386
6467, 5063
2092, 595
8744, 9350
4757, 9837
5039, 6055
50, 313
8048, 5354
3101, 9954
4213, 2790
9082, 5074
8402, 4550
3369, 4517
3836, 3172
2805, 9704
9322, 3936
5289, 1469
5433, 5438
8178, 5278
3433, 4841
9392, 1020
3589, 808
3750, 2291
7696, 9787
4704, 8267
6154, 1505
9236, 3838
6451, 3706
9042, 3313
6966, 212
4645, 8369
8982, 2500
1275, 6619
1815, 7491
9073, 1767
4723, 6259
7800, 7730
2125, 8988
660, 8295
2098, 5671
5938, 2442
4843, 4374
3993, 6273
4399, 9502
8234, 9470
6662, 7186
3986, 3661
2040, 3293
3214, 8215
5923, 6475
1549, 9985
1116, 8069
3249, 6052
1340, 5240
5791, 8201
5740, 7057
7, 7825
4956, 4535
5389, 6206
8652, 2532
6725, 6306
5758, 4737
1230, 706
8306, 4686
6981, 6966
7953, 955
6586, 4992
8038, 1077
4303, 7350
598, 9840
4589, 2334
1712, 2685
5185, 3285
5696, 6281
8068, 3515
5181, 4403
5832, 9951
3986, 3127
190, 5107
1482, 7931
8804, 3388
6116, 229
3467, 1016
8294, 9175
7015, 6667
9358, 3608
3216, 9720
804, 9760
2182, 2345
4283, 7312
8273, 2908
678, 9004
1030, 2170
663, 7910
53, 8180
3907, 4232
7599, 2060
9185, 6814
758, 3085
1953, 4446
1788, 6424
7529, 4340
3885, 5005
5483, 6878
7977, 1490
2194, 6960
2393, 2979
3115, 8597
2643, 1270
4641, 9812
1545, 809
6176, 9051
4011, 6667
6347, 5930
8941, 6195
3161, 5022
8627, 2641
6826, 8344
5544, 9104
8024, 5225
7150, 6516
6793, 7741
9968, 3717
4608, 7202
2052, 9160
3347, 2371
5580, 199
999, 4645
7723, 348
3367, 5453
9124, 6671
7220, 5755
830, 8345
8358, 5128
549, 4869
3537, 5288
7114, 4162
7475, 8283
8138, 3463
169, 8534
1852, 7444
7201, 4728
7187, 5248
2731, 7404
2291, 484
4169, 3691
1521, 1060
4581, 9066
2483, 3157
3921, 23
3863, 3920
6185, 60
4352, 5441
4501, 6878
7722, 5260
8634, 5973
7071, 8717
6769, 6775
7202, 3066
1151, 9635
8376, 3255
6963, 9511
6342, 9926
4287, 1183
7910, 3705
7166, 5499
1075, 4709
2195, 123
1860, 2485
4226, 2761
9926, 776
3256, 7075
3857, 6904
5284, 8372
2060, 3976
6457, 7903
8013, 5465
7564, 7591
1769, 121
1512, 2205
9641, 2920
4833, 5686
8941, 5400
1477, 1576
1242, 609
1486, 1666
2784, 4559
7045, 1878
7463, 5625
9456, 4707
9607, 8734
8364, 547
9174, 1549
6422, 6013
5275, 7361
6419, 8984
8226, 2871
5151, 5134
5561, 9870
2370, 3944
2359, 6730
5679, 7211
3772, 5861
3318, 8447
8644, 8179
9161, 9368
8277, 5056
2908, 6083
7719, 9608
6373, 9807
147, 4578
6179, 3461
8788, 4714
8059, 6309
7675, 4874
5006, 7422
2222, 292
1286, 6698
9328, 3502
1935, 4116
6524, 155
9058, 727
8779, 5410
1469, 1860
7749, 4509
9646, 5071
884, 9632
4670, 6647
3075, 3940
1787, 7552
9478, 7503
2397, 95
2260, 3122
218, 3553
7822, 5599
8852, 3016
6355, 6484
5584, 4275
6444, 601
5731, 9945
3123, 7313
4629, 8226
7313, 8928
9911, 770
6372, 986
3008, 3427
9375, 7588
131, 3422
363, 8281
8716, 7829
9580, 5979
8666, 6592
5502, 7348
5735, 1922
4190, 8135
2977, 5847
1845, 3528
1901, 8428
4079, 6613
946, 715
1786, 5248
2416, 6594
8250, 2138
8260, 8767
361, 2429
8659, 650
2924, 8165
3171, 5823
2432, 3117
2169, 886
9795, 4626
973, 9185
9728, 4038
1915, 6049
1538, 5091
1650, 2678
5753, 3641
9407, 8305
4859, 9206
9092, 2199
865, 9761
7201, 2116
1858, 2403
8452, 73
5950, 2739
8349, 1317
8384, 269
6010, 5307
9750, 9454
1810, 3509
2845, 1374
4797, 5765
3622, 9738
3936, 5828
853, 2157
951, 7497
9656, 9594
4330, 6935
9780, 249
2450, 6835
1770, 6571
8101, 7153
7337, 5468
3116, 5210
702, 7141
3062, 284
6230, 4490
2102, 9054
6452, 2038
4792, 1326
1037, 2273
9473, 8378
6496, 924
7011, 4199
8468, 441
4703, 4321
4874, 5353
8869, 303
8290, 6835
1319, 7346
3273, 8014
29, 6618
623, 6972
9249, 8757
8839, 8355
9626, 4965
5271, 9080
9462, 3517
9855, 2394
9472, 8664
4055, 8697
7521, 2245
1089, 5521
7634, 5363
7918, 4519
6608, 5845
2733, 1422
5800, 467
1069, 7526
2178, 7325
9715, 962
331, 284
9943, 8181
7114, 4438
985, 6665
8068, 3469
6385, 2299
5674, 2886
1620, 9718
384, 225
6626, 7834
4281, 6170
9052, 5337
5182, 6922
3844, 7662
1181, 6186
8765, 6234
2190, 1094
1217, 1276
2673, 666
1904, 2764
6195, 2476
1702, 7797
2928, 5605
4102, 6349
1682, 1949
3442, 5058
8311, 9874
9965, 34
5920, 1685
407, 8551
8022, 9601
5815, 5853
9192, 648
4200, 7346
8991, 7740
2634, 4729
8114, 4983
1561, 6330
5333, 5304
1195, 8921
6844, 6635
8690, 5170
4558, 9507
9713, 9790
5301, 5126
7548, 2917
7217, 7557
3144, 5216
5820, 4215
1057, 5065
2280, 2625
8682, 1874
2005, 5476
6831, 2750
1359, 9058
7463, 5248
435, 6318
7461, 1870
866, 8976
6142, 6305
7695, 7826
2581, 4332
9522, 3435
4273, 6247
3247, 2037
6112, 167
656, 9148
7781, 3467
4639, 341
8732, 2501
6896, 3720
5679, 3859
4795, 9052
49, 1434
1271, 3230
7943, 6494
6530, 6574
2039, 6000
4045, 710
8520, 7269
3764, 2055
6121, 254
2988, 2593
7693, 7865
1636, 559
9684, 9588
3582, 2781
3174, 1097
8535, 5064
216, 954
1426, 9632
8608, 7418
6275, 7372
9189, 8966
6214, 7130
5680, 2830
7856, 3953
367, 3620
1886, 5397
7048, 9568
1226, 2182
2011, 413
9164, 8662
320, 820
8588, 3397
7039, 9603
21, 539
3118, 2873
3557, 2561
6677, 6977
722, 3468
1869, 5176
8567, 9319
3095, 4828
4427, 107
6298, 3572
4402, 3726
5508, 9654
7533, 2502
1889, 1273
461, 1800
1753, 6503
5077, 4050
8628, 4414
9933, 1169
825, 1588
1267, 5967
1860, 7301
2156, 4076
8597, 7691
7704, 3320
6165, 6696
5891, 9595
7460, 4706
8231, 4785
414, 1739
2991, 7221
6284, 9052
5287, 5705
726, 7694
8383, 4447
3766, 1349
2574, 3496
7160, 2378
8755, 5142
3101, 1491
6823, 2543
7167, 673
8798, 8529
6111, 6757
8189, 7116
5258, 943
2117, 2257
7850, 3253
1757, 3077
6264, 7693
638, 49
4528, 279
7319, 7450
8701, 8410
6609, 1240
3907, 8250
2205, 7557
5803, 3282
7370, 5379
6457, 2195
2947, 2122
2745, 9833
2932, 3966
1480, 8022
1980, 5897
7295, 4798
3518, 5850
6058, 8543
8979, 5417
1751, 4538
906, 2405
1674, 2290
9327, 8348
5341, 6528
2489, 7911
6917, 6177
236, 2624
1056, 6925
4271, 5937
3194, 2580
7849, 8010
8878, 5190
5413, 6189
6746, 7951
7828, 1242
2603, 942
8769, 130
6311, 849
5999, 1195
570, 5695
1631, 3279
8200, 2753
3854, 2705
770, 9918
1579, 2717
9331, 5921
6022, 4043
3402, 313
9748, 3984
578, 477
975, 6144
7484, 3914
3563, 3364
3310, 9690
9267, 9427
2677, 3682
4273, 481
3990, 4585
8956, 3329
5587, 1632
1500, 9384
2777, 6675
4921, 8848
8773, 2410
7793, 4437
9911, 5372
137, 6240
8782, 5473
763, 5149
2739, 3537
3613, 8011
1618, 4206
1874, 5183
1251, 972
6826, 3637
6935, 6809
2853, 645
1806, 9500
5012, 3422
421, 8206
2096, 977
4300, 9167
7092, 2877
1606, 6391
9365, 8898
6922, 8555
2307, 8900
6854, 1351
2247, 6878
211, 3582
124, 1248
1459, 4171
8394, 2375
423, 114
1261, 9000
9869, 6073
4660, 4552
7223, 8877
4998, 9499
9543, 9986
527, 6935
7942, 7066
999, 3988
6516, 4337
4036, 2066
8809, 627
9366, 2839
7802, 9226
5792, 932
2951, 6040
3335, 1411
8066, 270
354, 687
8042, 4423
1969, 255
6981, 388
5259, 1504
1260, 8916
815, 4366
5760, 9455
7468, 2463
8586, 6847
5420, 2781
5456, 8812
1147, 3950
3892, 4915
5269, 3474
5286, 3266
9517, 4360
106, 1570
1467, 4316
8052, 8753
5709, 4401
1728, 8588
9230, 4215
6382, 53
4147, 1129
6666, 999
9586, 5702
74, 2723
7134, 7978
9328, 405
1949, 2249
6607, 664
2282, 4535
6667, 5027
3062, 6535
7545, 303
90, 5422
5845, 5317
1255, 3026
7379, 9097
8654, 6324
4845, 3741
1452, 5351
2731, 8851
9229, 5837
6176, 6628
6930, 6221
7729, 8678
6557, 9218
2112, 8268
4600, 3683
1143, 2128
4837, 6730
6289, 9094
4768, 8804
2178, 6125
7425, 6804
2886, 7623
8926, 7252
9303, 2
9261, 9865
1352, 5586
7079, 6257
3534, 3261
8664, 2860
9263, 1907
3795, 6212
6690, 9000
8531, 507
8214, 4112
1676, 5824
591, 5846
4847, 4973
2570, 984
6044, 495
1906, 9618
9746, 4899
5947, 6757
9378, 282
5244, 1924
3058, 1592
8202, 7707
5821, 5599
3967, 4541
1287, 2643
7017, 4472
8639, 9850
6366, 1255
1101, 5122
414, 6788
9306, 9678
8689, 8375
5551, 4431
1087, 2400
9126, 779
5710, 4365
2925, 7164
3062, 9384
3033, 5319
1841, 3089
4966, 7832
6670, 979
7276, 2503
5940, 9205
990, 1289
6675, 3487
9085, 1381
1095, 6855
9993, 9200
6214, 551
2199, 5064
1544, 2141
2573, 8698
2231, 9183
8794, 5649
6508, 1528
740, 2460
1656, 180
281, 1066
9140, 8612
5335, 5604
1280, 9054
7671, 9031
2312, 7316
2851, 3564
9877, 8207
473, 6630
8799, 3639
711, 7752
9088, 978
1814, 6688
6420, 7224
1940, 5380
8413, 6398
6073, 5815
1906, 3127
4299, 2744
1303, 2451
7933, 4072
8472, 1554
3634, 1462
5648, 9482
5759, 1016
8182, 7953
911, 9304
2646, 1175
1616, 7785
8174, 3202
7914, 4596
8479, 9528
9488, 9139
3795, 8083
3279, 6633
2798, 8276
4963, 2813
8460, 3271
5001, 9345
3370, 3966
687, 2755
7601, 9596
3096, 6047
2365, 2481
5596, 5311
8141, 8509
7755, 5472
6818, 7699
3586, 8402
3850, 139
3430, 5003
3238, 7076
2798, 521
9175, 1108
5085, 8707
9064, 2749
4444, 6026
7637, 7535
8439, 497
5449, 8052
9918, 6838
8837, 395
6795, 8508
3484, 8420
2083, 4374
8427, 4037
2053, 2690
2774, 6951
4256, 2960
9278, 6208
8082, 4622
7454, 6541
1690, 9906
3653, 8700
9871, 9458
6686, 532
9161, 1779
906, 1681
8509, 1340
9632, 8240
8439, 4230
4810, 2739
7616, 8194
6225, 8129
3022, 7063
403, 4077
6571, 247
9632, 513
3757, 8269
7189, 408
596, 2662
2527, 7685
8179, 9369
7137, 8067
6, 1251
2289, 4521
2738, 2931
7596, 3993
7338, 9791
8346, 2470
7085, 9858
380, 4496
220, 4626
9570, 2990
185, 6178
8329, 5382
3628, 6465
1233, 1163
7039, 5820
1277, 740
7513, 967
772, 2101
3464, 3651
3572, 7453
3063, 9629
2550, 539
2527, 4771
5676, 4109
8922, 3748
9415, 9110
5378, 1730
9366, 6619
9320, 9014
4680, 923
1953, 4353
8754, 1513
9099, 4955
2797, 167
2477, 9290
5846, 912
7932, 895
3017, 6178
5162, 9840
3272, 3271
552, 6670
2820, 2927
61, 4404
3087, 7563
3935, 6011
1640, 4664
2941, 5211
437, 8789
6447, 3602
9407, 8739
9477, 4906
9991, 5353
7565, 4731
5543, 2433
9680, 6941
6227, 6531
9516, 3143
5165, 7995
7852, 5337
1288, 3065
786, 514
5429, 4678
3703, 4911
2889, 7006
4810, 6961
7024, 654
3082, 9098
3117, 8579
1907, 5915
3943, 7389
4081, 5604
6263, 5346
9110, 992
4884, 7623
8981, 9306
4184, 6177
3026, 1481
5651, 5600
1538, 8661
8367, 6364
7234, 442
911, 2763
7587, 2536
2368, 7805
5682, 500
3617, 5860
9782, 3151
303, 4771
3395, 3009
9001, 2193
8699, 6258
9603, 7226
4916, 8629
2261, 819
5061, 6177
6467, 4664
186, 3437
7592, 9539
1670, 2903
9979, 507
9672, 7841
8996, 807
9559, 8232
6072, 9581
9671, 98
8479, 4652
3325, 6404
295, 4578
1935, 3374
3938, 4075
8900, 8228
5274, 2583
2075, 5161
8708, 4550
1640, 570
4018, 2082
4921, 5316
5123, 5769
2967, 7971
3109, 3462
3527, 3384
2907, 2299
4432, 6005
1081, 9645
4599, 4729
7788, 2060
3653, 6723
5831, 8286
7051, 4724
8071, 1175
6348, 7158
9768, 5686
3928, 4451
2209, 3535
8586, 3603
7339, 480
4487, 2069
1007, 5619
8198, 857
9388, 3327
7551, 4792
9672, 5275
8124, 3793
1998, 9280
636, 7553
3190, 2506
9958, 6094
1698, 4203
8267, 9472
6532, 5916
9076, 5565
7597, 8609
8315, 4127
7792, 903
6021, 1763
9957, 3644
268, 7489
3050, 6811
2651, 9427
6564, 2131
2851, 7669
867, 4452
4091, 407
6227, 9061
7700, 6337
2687, 1652
9050, 2836
6784, 203
8294, 9
5955, 3819
9872, 40
6664, 4904
50, 4087
5510, 3137
3464, 6285
1949, 7338
3924, 8226
2419, 3400
8206, 9445
5488, 4200
3576, 4729
9845, 876
3247, 6861
8391, 3027
701, 263
4826, 6692
1532, 8140
1784, 919
5861, 8958
7505, 2224
3654, 5283
2604, 9192
4162, 782
4667, 394
4899, 8108
5532, 9591
9258, 7564
316, 7831
1175, 1484
2119, 7165
68, 4413
4394, 4965
91, 7602
5898, 8940
1753, 7530
8893, 1660
9770, 6472
7413, 4451
5475, 5659
541, 8111
6348, 856
6720, 1023
3047, 842
8407, 5700
8515, 4493
8767, 1039
5128, 3731
756, 3071
6177, 9405
1009, 1776
8511, 8826
1383, 4336
7565, 9629
8937, 7135
9119, 1514
7140, 9443
5508, 4782
9100, 68
3898, 9848
2578, 2426
4592, 7559
8961, 9122
9206, 2625
9080, 7159
849, 860
4594, 595
1548, 7405
1681, 5681
1592, 7116
6713, 3629
4323, 2256
5720, 2427
4438, 5404
3203, 6385
6393, 3765
5916, 8194
8337, 2783
4416, 2344
2154, 6067
9212, 1501
3679, 6367
2080, 7734
4534, 2186
1980, 7341
473, 8146
967, 7177
8591, 2292
3806, 9644
6569, 6119
9721, 1801
5592, 9062
4361, 7104
7035, 8728
5614, 5607
5750, 1998
7701, 4070
7583, 1304
6751, 5551
2610, 324
9148, 3785
1669, 4468
7942, 6840
6021, 5707
4555, 1978
9983, 4115
9746, 6832
6907, 2878
2398, 2055
7186, 9384
9200, 2738
7824, 3253
4822, 5382
9892, 3468
1554, 2657
8181, 8191
2230, 5480
8751, 9702
9979, 1644
8731, 6103
1441, 2280
3580, 7189
3601, 6602
4518, 9810
7054, 3883
9993, 8049
6265, 6285
6971, 2717
5124, 8256
4995, 7535
7342, 5521
8065, 3616
9405, 9855
9020, 2092
5530, 7339
1748, 7743
8550, 2827
2469, 6527
6779, 1755
9197, 8901
5853, 4130
5876, 8121
2127, 1340
4026, 4073
3730, 2825
4159, 7093
2775, 6785
3932, 1130
7798, 8434
9423, 9658
631, 792
8403, 5764
1870, 2455
8622, 8230
2916, 6872
6676, 6059
7584, 7470
5240, 8946
484, 1443
2243, 5261
7268, 8740
8957, 5634
4881, 2950
3928, 8962
8899, 7508
7757, 1331
4726, 9270
2510, 6637
1787, 5583
8874, 4445
8208, 4691
5423, 9385
666, 7907
5689, 8577
13, 5687
5033, 1182
1502, 8983
113, 3354
2912, 8773
1243, 3499
5210, 5930
1225, 4013
9834, 9948
9016, 6747
3891, 920
1966, 1482
9346, 4322
370, 3570
4335, 5447
90, 2538
8862, 8027
4303, 5583
5348, 1811
5486, 2785
5687, 6433
3864, 90
4255, 1848
9464, 7627
7721, 763
8052, 5684
26, 9222
6445, 7408
1135, 4184
1585, 7211
5539, 9228
5424, 8545
3467, 3203
5419, 2069
3483, 3375
648, 3066
8587, 6958
7618, 8609
1924, 4801
5742, 1376
2165, 568
7336, 6843
2242, 1804
3964, 8514
2907, 5417
7008, 135
3243, 4918
1790, 1834
2567, 9331
864, 1587
8038, 221
8596, 6699
7680, 64
8655, 775
3327, 282
6270, 8945
8290, 4152
3367, 21
8769, 687
8158, 9862
9338, 3673
1075, 2699
6682, 2907
3017, 89
7303, 8175
4306, 8221
9706, 9890
7589, 3046
1610, 8827
2722, 5869
9187, 2487
4988, 435
774, 2206
2053, 8501
4762, 6787
5960, 94
9936, 1245
7407, 4153
6436, 6413
9188, 1554
159, 4667
1477, 8632
9945, 4929
2592, 672
5212, 7492
8478, 3753
2580, 5883
4701, 1352
2627, 8749
9766, 9072
5889, 9867
1917, 5743
1168, 2295
3734, 1224
3917, 2976
3604, 2056
5523, 2347
7804, 9799
7881, 8640
9433, 2910
2780, 5870
1385, 8863
3927, 379
2613, 1989
2862, 8091
302, 2073
9531, 2764
7650, 1694
5503, 1949
3597, 9401
7450, 4105
3420, 1441
5318, 9940
8269, 9599
6542, 8832
2563, 8482
1980, 2284
5958, 3378
1727, 3546
3287, 6558
3915, 1948
5920, 1540
6923, 8314
1482, 7485
2961, 4834
4872, 6211
286, 2892
2017, 5263
1789, 2777
7787, 7443
1082, 8728
7299, 5489
8497, 6756
6841, 566
9792, 8206
7767, 951
7822, 4338
5106, 918
6565, 7848
6170, 2481
1466, 6666
5068, 4487
8046, 4253
7750, 2375
3597, 78
4634, 456
8115, 2218
5788, 319
5790, 4617
2022, 816
6575, 1657
1883, 5668
2282, 5699
8999, 2386
9517, 2395
2901, 4174
3358, 3401
1563, 1275
9852, 6783
1728, 1294
8935, 599
3454, 9712
2556, 9099
6387, 1808
8281, 3072
2849, 7843
9103, 2031
8132, 1960
3588, 5585
6435, 9181
4072, 1799
3520, 4407
7056, 3427
7803, 386
7950, 8183
4675, 7046
3858, 1432
491, 4850
985, 5486
8651, 2215
7892, 8059
2669, 5827
1844, 1829
1096, 7609
8496, 3906
3883, 3290
1497, 9247
7263, 6978
1237, 8269
9838, 5985
9255, 9593
3762, 6804
1264, 710
9221, 1311
4287, 2312
8216, 6026
372, 6080
5920, 5781
2882, 7631
3851, 1449
8498, 1433
465, 2365
1972, 5608
9237, 7618
513, 6330
1529, 779
1740, 5256
289, 3292
4151, 8739
3745, 7854
4225, 1021
5280, 4748
8621, 7137
6653, 7437
5838, 1457
8848, 2942
8446, 5322
586, 9563
6190, 9990
1654, 4538
8215, 3261
7393, 5237
9104, 3801
9221, 1442
5881, 8709
8929, 2224
1875, 3568
5797, 5888
2962, 3460
9400, 8478
9227, 3022
7788, 1434
1223, 265
6106, 5991
5386, 8348
7751, 416
6093, 908
1400, 5058
3927, 383
8626, 9306
7546, 5695
9130, 2379
7290, 8678
8987, 4283
2200, 8652
9478, 2940
5085, 6219
7971, 5874
418, 9115
9893, 5270
5964, 9263
1980, 2102
8405, 6522
724, 7782
9109, 4095
3675, 3031
2224, 6997
6496, 6946
8440, 9827
9447, 8546
675, 9661
4681, 2491
5160, 6491
3048, 1515
4451, 7507
2447, 7995
3624, 1282
9368, 2849
228, 6780
1656, 3190
6847, 9757
8789, 3391
3613, 6443
1495, 1098
3028, 6651
6380, 1623
567, 9308
8310, 1344
3537, 3507
3775, 2599
3294, 8644
7197, 3722
1139, 6618
7504, 2261
3678, 4084
4247, 6485
488, 3213
2451, 7316
9814, 8005
6548, 4502
4159, 4433
3791, 127
3032, 6219
753, 6751
9531, 2711
589, 3675
6646, 8564
3457, 152
2800, 4651
8503, 3094
6710, 248
5479, 5144
6628, 5602
8410, 44
1487, 8920
1065, 7387
782, 4313
627, 9662
2697, 4256
6990, 9610
5386, 7707
645, 7018
1057, 2502
7120, 6184
6291, 9769
5490, 7800
9714, 699
5611, 8673
1031, 1136
8605, 4969
5964, 5766
8651, 9500
3750, 2521
9997, 3384
1936, 9470
4545, 4184
3987, 3410
7628, 3274
1201, 8911
6302, 6767
5697, 2791
7300, 975
1028, 2416
2246, 2039
5606, 1021
3424, 3296
1280, 1813
303, 13
1227, 323
4689, 209
7551, 9257
8174, 2506
3385, 849
5078, 2670
106, 6465
128, 2432
1932, 8618
7570, 4255
6737, 3341
2046, 1868
5684, 9115
2745, 5861
7104, 9208
2471, 6675
4191, 3819
5410, 8140
2778, 5397
5002, 1558
9456, 9083
2486, 3913
9074, 6017
6120, 9808
2555, 5445
7583, 6172
1964, 918
1094, 7396
117, 5631
7946, 156
8160, 7843
4648, 8609
2232, 3638
7221, 7119
1575, 1990
1927, 8783
7132, 3365
7744, 9329
7355, 4
6268, 4930
751, 3981
6208, 9049
2923, 1165
4802, 1363
4382, 4332
4711, 7897
9268, 6363
7479, 7420
4969, 824
2205, 4413
1048, 929
8890, 4826
9890, 2307
6698, 3896
2475, 7741
5214, 2122
6414, 1878
3592, 8156
5872, 7960
5398, 5646
4738, 3175
6805, 2128
3696, 6194
1206, 2887
934, 8037
5870, 6697
2530, 7800
8872, 3802
7685, 216
4709, 5940
6660, 2768
5364, 9324
3819, 5332
9244, 8711
6832, 4473
3669, 8729
3509, 2100
631, 4053
5831, 4078
4523, 8854
5732, 1536
2494, 1032
8905, 5201
8467, 3492
3273, 7625
9799, 6439
1210, 1489
5056, 9806
5722, 4138
6575, 7983
2799, 9414
1813, 9671
1899, 4390
8066, 7644
5406, 1265
6712, 7230
9542, 2126
9598, 6303
6113, 1071
5073, 1179
5907, 5226
8612, 2566
3331, 2917
824, 449
543, 8508
4534, 7001
4528, 4610
537, 7564
9209, 5058
9130, 4792
9689, 3105
9123, 2178
2960, 1347
4212, 7888
2669, 5382
996, 3188
7190, 4926
