N 9000
R 7000
Tp 1
Ts 4000
2291, 663
5722, 3249
8164, 6149
7562, 2977
6122, 8569
9106, 1420
3780, 5145
3245, 6190
3977, 3500
2329, 7023
4929, 9109
1926, 5404
3649, 6684
5674, 9360
5108, 9899
6962, 1950
5861, 18
9891, 2974
8778, 535
6031, 2081
58, 1821
3858, 5507
5742, 7408
3740, 2141
6101, 3451
9945, 8099
6258, 310
7836, 4832
5344, 431
2266, 5996
5702, 4307
7315, 216
3014, 2634
875, 4854
95, 492
4854, 6647
7506, 6756
819, 4498
8401, 4447
6447, 1246
2531, 4529
2010, 7917
7781, 388
5655, 5685
315, 8286
9916, 9995
9187, 1102
1066, 4142
1370, 7154
8166, 78
1448, 4009
4966, 6695
1847, 3984
8359, 9246
9361, 5979
8923, 8710
759, 8801
7712, 7023
3934, 3364
7899, 5213
9731, 5484
1124, 3136
3888, 1680
8459, 853
8198, 1024
152, 7752
250, 3729
3248, 3908
252, 3334
1972, 6089
5714, 2535
9507, 3785
4740, 3121
3535, 1407
3649, 7226
8477, 9212
991, 9743
8790, 2255
8767, 9452
171, 4736
7902, 5526
3157, 4362
5815, 7145
3722, 2003
6775, 9594
9980, 9353
3401, 6584
1323, 8858
4239, 9891
1803, 4896
8418, 4952
4784, 5127
9504, 1369
8085, 6909
9157, 9750
7372, 4197
9621, 6858
3056, 5447
2661, 4916
8711, 7015
1817, 4271
1747, 4033
5832, 4721
5495, 3038
6956, 8429
1639, 1862
9925, 3893
6360, 9506
4013, 7599
102, 4492
6694, 2402
3685, 5574
160, 462
3871, 6611
9686, 2102
5851, 7446
2520, 6139
3855, 1573
468, 1686
2828, 9097
3245, 8609
648, 1109
7182, 6946
8281, 3521
6552, 7445
477, 9362
1382, 5413
2855, 2407
5138, 9511
4212, 4866
6128, 8468
5211, 5137
6696, 4017
9586, 2313
5601, 8156
9293, 7742
7273, 6052
5362, 9249
4993, 8453
4760, 8375
3109, 1583
2494, 2241
4217, 499
6568, 2685
7359, 2186
9075, 4841
5286, 9937
3882, 7903
7676, 9284
9089, 7377
2259, 7654
2559, 7010
5346, 538
1465, 9727
4626, 130
7480, 9593
825, 177
7996, 9983
7348, 6895
5275, 8732
572, 4857
4898, 8026
6779, 2641
3516, 4642
6361, 2521
2976, 754
1039, 8184
7044, 7097
7852, 4887
7376, 1330
2293, 763
4142, 4842
5879, 2911
2653, 1023
5737, 7965
4564, 4136
3277, 9481
3475, 9595
1989, 3657
8981, 2207
2418, 1637
9171, 8239
4743, 5687
7186, 438
8508, 1791
2204, 8829
9711, 5014
9036, 7119
9684, 605
915, 6726
13, 3378
9143, 8852
629, 669
9275, 6495
7207, 1629
1722, 5705
8092, 6826
6029, 1035
7968, 327
5580, 8046
6262, 3814
577, 3926
7058, 6919
8296, 6748
8596, 9983
5331, 9238
9877, 4081
1417, 4053
857, 491
8318, 3930
4437, 1248
7886, 1493
2922, 5261
6003, 2572
3311, 138
5815, 8389
1677, 1216
2787, 81
7203, 9793
7301, 7924
9098, 9080
8256, 6181
2339, 5550
9437, 2318
3549, 3894
9504, 1360
8146, 454
3045, 3479
7553, 5314
1801, 8213
3574, 1159
5462, 6174
2453, 368
4646, 4128
1254, 840
6280, 2316
3803, 6750
7919, 3733
525, 2894
520, 1348
1379, 1857
2100, 4182
9668, 3251
9796, 4947
3860, 3213
2275, 6299
2491, 7615
8477, 1918
6131, 4460
5229, 7192
3616, 6625
1715, 728
4810, 8211
3237, 2780
2837, 9764
4108, 4779
3842, 7874
144, 6686
254, 8892
1006, 1932
8632, 178
5397, 8560
8736, 3064
2224, 3993
4635, 1142
813, 2382
4851, 1487
9724, 2764
5995, 1996
5812, 7229
7969, 5477
303, 2870
8060, 7691
4886, 2590
3540, 325
6071, 9158
7344, 1989
9074, 3498
2923, 4421
4723, 3346
6000, 1652
8458, 8133
6629, 5063
3223, 5499
9012, 7534
9616, 6204
3107, 3108
2229, 7595
7829, 9554
8746, 1305
9498, 6305
5395, 7783
9601, 4441
1759, 203
4238, 3291
8539, 8126
8887, 6744
4840, 5633
4472, 6268
4838, 7449
102, 5883
3391, 9358
3521, 6870
4064, 6651
2578, 9593
6242, 2723
1444, 9940
1655, 9217
2783, 9476
9136, 553
2895, 2893
8411, 721
3331, 9639
8506, 4598
17, 9219
1727, 8716
6040, 6520
8963, 3349
4269, 6685
5622, 125
8199, 6773
1136, 8688
3462, 8323
3750, 9817
4781, 2600
4249, 4551
7632, 4992
7288, 9422
3337, 373
2661, 9480
949, 6430
6133, 1958
3579, 1049
8513, 2263
2477, 6640
6234, 4179
3207, 9338
1385, 5684
9252, 5761
6596, 4482
4815, 5579
1821, 1338
7143, 7015
3525, 4266
5836, 2438
4205, 6859
4086, 4900
7037, 8603
9926, 129
8829, 6615
1732, 5217
7888, 5634
422, 6348
5713, 5972
8562, 4450
3734, 7345
5226, 2175
3313, 8756
5735, 4583
950, 3848
1361, 9198
4246, 5844
3450, 1350
3769, 7777
5770, 4630
7083, 6169
8805, 7524
4973, 3581
4921, 5183
9996, 9122
5044, 1579
9295, 5146
4994, 7401
1705, 5067
9267, 2466
4559, 4558
1083, 705
148, 597
5124, 8474
9903, 1274
7454, 9995
9134, 4993
8038, 1197
1508, 6345
4676, 3190
5022, 2004
3582, 4687
83, 6752
458, 9821
6889, 849
9793, 9071
148, 5245
9343, 4754
8362, 2356
3447, 9396
2754, 4906
1828, 4835
3003, 3155
746, 2401
265, 1962
4890, 6375
1482, 5389
804, 7107
5254, 8888
6135, 3583
3621, 1420
9652, 1231
394, 2556
5121, 3063
2317, 8036
3065, 5015
7623, 8727
8352, 6388
3926, 531
9460, 1859
1393, 1171
2192, 7509
4581, 9137
2362, 2602
7869, 9077
5436, 115
896, 7551
6976, 1592
8516, 8045
3588, 7907
9201, 6441
7837, 8631
4945, 2547
3895, 6544
4579, 5494
8266, 4760
3742, 3113
2521, 9523
6563, 8596
2452, 9144
395, 9261
5822, 2125
3071, 1166
9705, 1710
7447, 9605
4844, 6585
2874, 248
70, 8041
7716, 466
1117, 2044
6886, 3007
6079, 3267
4758, 1648
4410, 215
8167, 2155
1047, 3778
3972, 2978
4112, 5377
1462, 9470
8306, 4212
5765, 6439
9902, 7422
3787, 9235
3914, 3024
9940, 9754
501, 3357
9938, 6658
4135, 201
8605, 4379
6774, 6691
8823, 5544
9717, 2844
3389, 4168
4343, 7490
5801, 2161
657, 7854
9956, 233
9390, 7110
9498, 1056
6364, 1248
5350, 1437
5027, 549
1260, 99
6550, 4509
8261, 1487
6690, 7484
4821, 4593
2467, 7064
3112, 8597
1062, 1686
6299, 4381
1977, 6225
4376, 5276
9503, 4998
5017, 546
6080, 510
9853, 9839
4028, 2313
3368, 8774
8608, 8723
5860, 3488
5329, 9942
8118, 6489
1510, 1052
8092, 2427
2722, 1199
34, 8148
9630, 1104
5779, 9383
6085, 5200
109, 2925
4281, 205
9789, 7349
3204, 5628
7193, 2943
4601, 2800
3341, 1633
5640, 3397
3117, 4084
3456, 5788
3850, 3294
5790, 5939
6992, 8716
4868, 9599
4491, 9164
9606, 4713
8185, 2837
8989, 1026
9323, 9203
1118, 3172
8101, 1811
6917, 1703
533, 6295
6426, 4909
2192, 5062
5046, 7403
4056, 419
1663, 8868
6922, 3880
3903, 6755
9443, 9744
5555, 3812
6739, 7278
4991, 1184
9049, 8909
1039, 6772
2542, 836
1976, 1261
2478, 4341
5468, 5378
6481, 5907
1997, 5293
2793, 2750
8073, 5575
307, 4557
3219, 991
8783, 9782
1154, 8935
3021, 3420
675, 7212
6573, 3558
3722, 2256
6233, 5560
246, 7765
7967, 5441
2562, 4455
7317, 864
2919, 3831
9841, 1427
9519, 6272
9201, 4797
5156, 5960
708, 2691
6663, 9605
6668, 3972
4365, 1161
9115, 9907
2836, 347
2970, 2258
1219, 4899
1769, 9117
5375, 6898
1040, 6511
3530, 4220
2420, 6757
1381, 1923
8662, 9294
4086, 1713
4581, 459
4757, 6897
1219, 5673
5633, 9803
1733, 3991
384, 9899
2388, 6998
6931, 9820
7265, 9917
8743, 2182
4438, 3094
8632, 5488
9943, 2217
2112, 4564
8871, 8562
1918, 271
3910, 8257
5329, 6081
7176, 7087
2467, 7527
5825, 6920
6659, 1634
8237, 1401
5978, 8451
2652, 6854
1375, 6502
4522, 2536
8167, 2920
3469, 3906
5460, 9991
1495, 6207
4190, 3333
8796, 3418
9423, 6071
9357, 1290
3415, 6512
9587, 5959
8304, 6117
4647, 5037
7964, 1821
9421, 9196
2475, 8855
8929, 6729
9145, 88
8986, 1493
772, 6399
7676, 8328
1979, 6279
2938, 8842
4001, 8601
2151, 6222
2065, 8026
3213, 987
5500, 2232
1287, 72
4670, 3245
6313, 8419
8222, 5982
8767, 3454
2468, 2915
4579, 5558
7925, 3634
2968, 9602
5081, 8650
5524, 4420
318, 681
7306, 623
4485, 3706
7957, 3526
9962, 2591
849, 6060
4482, 6679
7170, 3678
4781, 7741
4920, 4329
9402, 3693
6827, 1961
9386, 7442
7552, 5151
6668, 1169
5102, 1950
1352, 1116
5018, 1410
5479, 2420
9918, 1021
9359, 4862
1896, 6991
8013, 5920
3582, 9794
4811, 8521
8560, 528
2945, 778
150, 1537
2311, 7989
5160, 4500
985, 3584
9965, 7241
7443, 3142
7562, 281
6044, 2651
4988, 9235
1599, 9209
7697, 8612
1571, 6731
9409, 4290
253, 8262
6874, 1333
7772, 9183
4568, 6947
610, 7021
7396, 2262
6034, 8236
643, 188
1812, 5707
9872, 1642
4918, 6819
5700, 4477
2829, 5300
7584, 4224
6409, 8061
7517, 595
6166, 6808
7723, 5870
5198, 3072
7222, 4850
5148, 4703
3943, 3608
6732, 2681
9735, 3784
2511, 4399
9950, 7176
2410, 1120
2057, 1119
5309, 7058
777, 8997
5697, 7945
6520, 1113
3419, 5042
4791, 5102
4973, 223
7843, 3347
2988, 3344
7222, 7422
5756, 617
3018, 9476
4263, 1141
6232, 1607
1020, 2711
623, 829
1700, 6297
4496, 57
3761, 3092
5125, 7400
671, 1242
6258, 9578
4652, 7459
6100, 8394
7588, 3490
6709, 588
2020, 4707
6962, 4034
5792, 8003
4660, 4300
913, 9708
8410, 3450
1110, 1260
888, 494
9387, 9505
265, 7507
7911, 4211
4911, 6628
4991, 5197
5595, 3722
9800, 5977
8520, 5366
2394, 7688
1986, 9111
8927, 8827
2004, 4745
7851, 9474
8799, 5003
2374, 4046
9190, 6442
8565, 436
5414, 5023
8342, 5280
9075, 2369
2922, 2163
4462, 5145
5245, 939
4659, 9793
1984, 1742
3182, 2455
9416, 7811
7837, 5652
3151, 3373
9425, 2867
9097, 4836
7646, 4432
5073, 3490
1874, 5151
1953, 8855
3090, 3158
8657, 7465
592, 8360
8950, 59
3881, 9279
2124, 5209
9371, 2613
590, 8605
3699, 2751
562, 6977
9396, 9847
9346, 274
6884, 5460
1317, 4238
2000, 4376
2716, 5466
4960, 9142
5911, 8097
758, 4798
8952, 253
1407, 422
7872, 3899
5148, 8950
502, 239
5498, 5728
4470, 9571
3069, 2715
2390, 5261
6827, 6635
4307, 1692
4581, 1758
3002, 6206
33, 2677
8962, 306
5442, 957
935, 5188
6473, 473
9570, 6251
3973, 4206
6371, 8283
7573, 7754
9377, 1815
8559, 2338
3736, 4183
473, 1287
6481, 2993
2980, 1924
4463, 5895
5368, 7079
2821, 3661
2842, 6729
886, 9174
6155, 5372
2148, 2938
602, 8848
2634, 1894
9178, 3442
8933, 7168
9166, 5585
5581, 2852
3904, 7614
6129, 1712
8129, 4287
4112, 5865
7434, 4704
2004, 4408
465, 7096
5961, 3349
9608, 6275
2956, 8574
5504, 5137
766, 1380
7083, 3514
9080, 6194
6830, 8812
6248, 8122
8709, 5779
7257, 9150
1712, 2067
3345, 9128
8731, 5493
4307, 6935
5900, 7516
789, 5190
5061, 8163
989, 7867
1322, 5684
4, 4601
6140, 3431
9676, 9906
5796, 5830
3278, 4556
3211, 7194
9052, 1006
6774, 3075
5813, 1512
6799, 5656
471, 3693
4238, 3513
94, 5854
6279, 7886
170, 5619
7676, 9151
9839, 2008
6787, 5902
6711, 4227
1011, 4756
1986, 6894
3528, 4967
8429, 4213
3110, 6661
0, 8829
3913, 1295
3314, 8654
203, 3013
2167, 703
9887, 9834
8505, 4973
5307, 9364
8820, 3095
5090, 8290
2059, 8089
5791, 9338
4841, 7811
4254, 6526
306, 7510
3732, 9578
2536, 2714
4703, 1469
9113, 5567
1399, 2050
7845, 8622
5956, 4554
333, 8410
1258, 3463
8903, 793
7983, 7687
5582, 1705
9757, 5515
4422, 9713
866, 3763
3774, 7461
7060, 6393
6078, 6149
8099, 8774
5872, 7987
3559, 4052
2091, 6399
9304, 6882
5530, 1600
4349, 765
8683, 8097
4556, 5217
2195, 7526
495, 5164
2862, 746
3512, 7243
5061, 1047
5595, 1380
9017, 4000
730, 5726
6411, 1278
6910, 1681
7438, 7301
5952, 2438
7092, 6483
4392, 2410
9476, 757
781, 9893
6557, 3269
2795, 4257
149, 2275
9811, 9689
859, 3695
8428, 1311
554, 7841
1127, 3242
5646, 2869
8192, 6699
1921, 6486
6656, 4570
3902, 7062
4400, 2674
407, 1367
8536, 9125
5570, 9385
9845, 8077
9854, 2336
1752, 5297
6675, 9297
1307, 8112
4904, 3898
9024, 3164
4574, 1643
7442, 9702
6985, 6133
988, 9667
1070, 7149
1128, 1064
680, 5884
1567, 1239
1189, 2246
2815, 5445
4670, 6902
9836, 5751
4739, 9314
5005, 9433
8980, 9872
743, 5466
6557, 2069
3127, 2471
7177, 8357
6744, 9267
3431, 4589
4964, 9728
9226, 600
1303, 301
3754, 3665
4303, 2828
5720, 8070
3072, 9231
5854, 6566
5701, 2878
9333, 4887
8993, 5975
8560, 4630
4755, 1938
2518, 6780
839, 7840
9581, 4601
7208, 1648
594, 8831
9604, 253
4821, 8702
2857, 2744
2624, 5479
9883, 5181
3640, 4592
7447, 8148
4333, 7363
9569, 2423
1852, 4643
1130, 4075
4547, 3292
5406, 9117
708, 2309
7641, 1306
787, 8069
5818, 2042
8489, 7231
4063, 5819
7211, 9228
9440, 1254
5429, 628
8408, 6351
7360, 1560
6925, 9134
1427, 207
1617, 3045
7749, 3482
3617, 2686
8192, 4518
5834, 3571
5009, 5902
9964, 9369
7900, 6507
7319, 1609
1757, 2377
8370, 6012
7305, 3334
8234, 1955
787, 970
3127, 33
314, 1118
1979, 8389
1824, 9834
9891, 5495
7893, 4191
3696, 7758
8882, 1934
3871, 1900
5633, 3699
1860, 3079
6281, 369
9798, 981
5928, 5083
3811, 8131
6361, 6045
8388, 1234
7062, 3397
3356, 7599
2167, 8305
650, 8205
6727, 5125
9869, 9776
4263, 5641
8311, 8857
8204, 4157
4826, 2665
7668, 1914
448, 1284
8022, 2519
8839, 5684
983, 1348
4984, 1143
9049, 6535
1224, 4838
5790, 7136
1208, 3618
2410, 2027
5367, 4173
2327, 2114
8216, 7490
1073, 1404
4942, 4579
8657, 5846
2787, 4685
3944, 3565
1784, 3610
641, 693
9911, 3522
2761, 8
3844, 5871
5322, 4462
642, 5500
2658, 9030
4834, 9544
2867, 4687
9301, 7213
5732, 4613
6467, 1528
4197, 9451
2532, 4629
4448, 945
2268, 4056
682, 5474
9300, 89
1512, 7101
5283, 7501
3039, 9214
9964, 9470
2148, 3609
4320, 1271
50, 4370
1828, 1453
7433, 6059
5117, 4029
7667, 9115
5784, 4510
1411, 9319
7574, 803
9655, 1680
7796, 6080
7436, 1514
6041, 389
4864, 2452
5561, 9692
3522, 5160
2935, 5723
3574, 1840
8599, 1511
6756, 2403
7776, 2245
8112, 7035
8689, 3118
6341, 6228
3947, 2142
3259, 8468
6043, 2505
1991, 1409
1083, 4491
1569, 243
5950, 8586
6977, 4648
2890, 4507
7907, 3405
6323, 845
4522, 3248
8897, 5957
5456, 5663
1331, 5895
2970, 3948
6253, 5391
7146, 3520
7853, 3273
6015, 8952
1692, 5299
1832, 6145
7439, 5980
8485, 8780
1533, 2057
9774, 3982
4043, 2308
5133, 8934
1507, 3409
1318, 7259
2388, 1023
1975, 7042
2434, 7687
778, 8089
6174, 4405
2887, 7155
3920, 4464
5190, 1456
9456, 3047
243, 1608
837, 1385
8298, 8773
341, 273
6914, 5610
7611, 45
1462, 8611
7062, 4025
5310, 9754
7133, 8429
1196, 3539
2513, 6352
8530, 3285
5451, 2983
5922, 8854
2437, 2973
701, 6193
8053, 4129
3276, 9126
8547, 5831
3581, 5071
1435, 4364
2901, 6139
5662, 1786
2804, 8281
6595, 3395
1255, 6498
3275, 7469
5478, 4994
5282, 6059
9645, 3669
5377, 9252
6696, 4507
6529, 5091
4344, 7095
3434, 410
3522, 9050
7481, 19
7223, 4406
5712, 4964
9998, 8418
8151, 510
8828, 6458
1440, 4243
4582, 1119
7352, 9713
8014, 3138
7706, 5983
5289, 2936
2157, 9331
7457, 1467
382, 4350
9526, 5566
6952, 437
3039, 7850
9039, 7245
2830, 3369
3677, 9185
4130, 7518
6916, 9011
5382, 735
1586, 3533
9782, 1537
7298, 7682
9458, 6031
1870, 7271
8491, 6150
1682, 9303
651, 5263
5213, 8871
8433, 7545
3345, 2039
2761, 7059
7641, 6705
7883, 6100
2234, 802
5066, 2295
2402, 9634
8204, 1398
6333, 1234
809, 3009
2359, 7872
8748, 8139
604, 9242
6438, 1570
7754, 5437
5106, 4969
7928, 488
5908, 3011
7360, 898
3131, 6574
5159, 7317
5141, 5610
3822, 6133
3858, 6965
8833, 4385
5184, 8052
1660, 9845
5813, 7968
1646, 8121
1500, 5306
9893, 3226
758, 9852
4713, 2451
1793, 5086
9605, 792
2503, 8146
1103, 8254
9405, 8380
8393, 3994
156, 5617
8736, 6517
9885, 1596
1906, 7272
3500, 9607
4221, 6842
6911, 540
2146, 3299
1408, 439
1672, 556
3286, 2023
3068, 5318
8978, 9778
4342, 7907
7861, 4754
1768, 7444
5231, 4240
479, 5136
6498, 5275
1292, 2318
6325, 4741
6860, 8880
5636, 3003
6755, 4972
6421, 7022
6952, 2776
7094, 9251
9066, 7425
9537, 3667
800, 855
49, 1135
7453, 9657
959, 1669
9426, 8984
4389, 9768
4510, 6955
4819, 6494
7681, 9679
7584, 1515
4366, 2408
3464, 5045
9054, 6169
7332, 7205
9729, 1516
2184, 5689
5168, 7998
2565, 4840
9102, 1050
8495, 8915
8189, 4288
8984, 9924
3340, 9058
3627, 8342
1726, 4715
325, 9393
4550, 4620
9006, 7024
5006, 5509
5062, 5153
7399, 892
442, 56
411, 2861
3285, 3776
4734, 1102
2707, 9936
227, 3037
6945, 917
6523, 7400
4896, 4497
3624, 9561
9577, 9552
4720, 8124
2266, 5795
4588, 2255
6302, 6940
5024, 1349
3115, 6228
5253, 1878
2357, 6140
4850, 6295
6640, 2062
8394, 8049
8147, 863
734, 8433
9991, 6163
5363, 5787
7230, 2557
6542, 3003
8353, 1170
5260, 5578
3314, 3177
5870, 7354
3152, 4625
530, 367
1913, 6670
5309, 7113
538, 7794
6164, 9122
7937, 3508
9081, 3728
1908, 9392
7490, 3463
8890, 8235
7910, 2574
6742, 4273
9489, 3741
3541, 1708
8967, 864
4733, 8371
6101, 2602
3365, 1037
323, 2122
4420, 2736
2997, 6914
8225, 5515
2465, 4618
1417, 2460
3675, 1376
9216, 6590
7947, 2809
1646, 4339
81, 8585
8043, 7226
9135, 3531
2981, 4525
2164, 2045
5181, 6778
4808, 956
7923, 9356
9555, 7911
1542, 277
4809, 6674
4989, 4714
4096, 1962
8531, 3227
2162, 1711
6781, 4142
8845, 2019
6775, 6455
9224, 7086
2717, 1477
1121, 6491
2022, 5211
2385, 2771
8282, 2298
5280, 3476
5572, 8104
9397, 8557
9010, 3312
6790, 6665
9817, 8662
4158, 4805
1078, 4228
8684, 1968
8767, 3429
6008, 766
4552, 3117
8320, 9977
578, 9764
7201, 1588
1933, 7886
3138, 925
910, 8344
4489, 6239
8492, 352
4177, 7889
8981, 3905
5731, 4223
8925, 378
5361, 5971
6438, 3866
7330, 9487
8139, 9051
7127, 9353
1366, 6216
3164, 2627
1554, 6812
9418, 4919
6458, 3400
7338, 1596
9504, 6144
6596, 8551
9978, 1698
1765, 4848
5815, 3396
5391, 3183
8464, 7050
2090, 6484
1817, 9009
968, 5041
6406, 315
1719, 5668
5771, 9255
7871, 180
1563, 1052
187, 7191
4194, 8402
4676, 6589
7678, 493
3385, 3117
4872, 4950
4699, 3083
2193, 3976
4069, 354
3063, 4116
7833, 9155
6375, 7298
549, 9146
4316, 6837
8212, 4410
6869, 6777
1024, 4613
3061, 155
6949, 8713
2996, 7733
1442, 1930
5139, 3044
7721, 9048
6493, 9368
9654, 2781
3576, 9656
7276, 8629
3643, 1488
5290, 586
6794, 7944
4236, 4283
8268, 6258
5502, 2649
9134, 5471
3467, 2750
3888, 2110
5556, 2810
2637, 6114
2813, 4059
4968, 1023
225, 4440
9633, 4689
821, 4074
6679, 4153
1482, 8584
2296, 5301
9020, 5421
3076, 1547
7128, 3480
7376, 9426
1146, 7600
4022, 9709
8900, 2418
5881, 532
4586, 3977
7846, 64
1146, 2408
5318, 9523
8394, 5270
6688, 1442
2106, 2887
7227, 5969
9032, 6259
4849, 4585
6866, 9654
8831, 2120
3221, 6131
1898, 197
4884, 6182
2283, 6734
2293, 7524
2475, 1360
5542, 6689
1018, 978
7325, 4286
4664, 2463
765, 4396
3974, 2766
1427, 9538
4071, 1791
4656, 6374
3649, 8821
2194, 1212
8592, 1242
3242, 7225
8201, 2275
9042, 9266
2363, 4034
7256, 2838
209, 8210
1043, 9812
3396, 8258
7879, 3946
1310, 1649
1331, 9580
3834, 5890
1159, 925
2359, 8748
1602, 1981
7707, 3921
2602, 8896
2564, 9993
2341, 9286
4010, 9306
484, 4524
2448, 1734
208, 7246
1769, 1874
6988, 8439
1303, 8878
1354, 711
9502, 6101
2490, 7407
3464, 9859
7516, 5964
7601, 3774
8806, 8814
8627, 1202
3714, 4100
4044, 7485
2239, 422
59, 3140
952, 1871
4009, 6608
6769, 7509
3236, 1177
3805, 3349
2551, 1101
2349, 7664
6437, 6044
1555, 476
9461, 4483
6900, 168
2119, 2244
588, 6033
8741, 7822
5132, 7402
1157, 574
7326, 4955
2058, 1714
6809, 7544
8634, 3110
2432, 8540
8394, 2109
5252, 5763
5637, 3853
106, 1761
1308, 7335
5336, 7362
7527, 5121
4424, 4767
1145, 6578
7455, 2633
2594, 4106
8967, 8486
2063, 5339
984, 7189
1532, 7448
2262, 1919
2841, 1449
1876, 7724
2330, 8104
1430, 9775
4200, 7755
1140, 3376
7941, 6894
8538, 68
4093, 2540
1820, 1866
2887, 3210
391, 1060
6699, 9504
6355, 9248
1614, 2629
2757, 4354
3497, 7590
9024, 8449
1272, 6898
7883, 7867
6126, 4933
9886, 1477
4917, 3295
4742, 3026
963, 2512
3928, 399
5192, 3187
8082, 393
676, 5028
7773, 6780
5301, 2511
3391, 9194
4382, 2135
1708, 2948
9060, 7407
749, 5527
4578, 1352
393, 2294
156, 7320
5215, 3071
6800, 6963
8694, 1981
5544, 9241
4748, 5354
3004, 9436
2730, 3839
7941, 2972
6328, 9961
4541, 6816
4445, 3017
9729, 2947
191, 6857
2216, 8793
3289, 2534
3405, 3933
491, 2558
1752, 1177
5002, 3111
7628, 4768
8664, 970
6105, 1979
846, 4042
7601, 5518
1526, 2773
6232, 2438
7366, 4566
5780, 3410
3094, 9396
2036, 8155
6067, 1770
5965, 9746
780, 7124
1232, 5620
7689, 9859
3751, 3916
3707, 1885
7086, 5413
5486, 8260
4430, 4090
4332, 4609
7108, 4301
8843, 5789
5505, 6160
8982, 5020
9403, 1971
1178, 3574
4880, 6106
7062, 8211
4746, 5466
5318, 1842
3982, 3633
4601, 6215
6799, 6655
7309, 7423
7151, 3348
5517, 2785
9270, 5799
7393, 6946
4923, 2993
1811, 4853
1695, 9796
5090, 2957
8137, 5275
1055, 8529
4156, 7439
3557, 7915
3508, 6338
8262, 5148
7423, 5004
1712, 6336
9593, 7440
3806, 2857
2304, 3099
218, 7339
7782, 4856
2673, 4483
1173, 66
4975, 868
5277, 951
2105, 2512
8840, 406
5162, 2528
6270, 2213
5765, 9168
7828, 1265
9145, 8026
832, 5794
6370, 2445
8616, 6218
1852, 4826
984, 2635
5667, 5770
6401, 7410
3654, 399
7935, 2836
7562, 2422
291, 9779
1914, 2982
8575, 7516
5947, 8264
5697, 9713
2974, 4498
8886, 3854
8991, 2418
8272, 250
2139, 7955
2786, 3804
910, 2735
9592, 9255
5690, 9234
6739, 4
67, 8502
786, 3643
6808, 64
8172, 6045
2332, 5239
6362, 9200
1970, 3564
6274, 6248
6887, 6826
4254, 1103
1737, 6987
8202, 7985
5430, 9445
3452, 6950
9167, 32
2735, 7500
1979, 8420
1607, 7281
5496, 8627
5065, 7690
8860, 1936
6771, 4403
8586, 3835
9110, 9620
3583, 203
868, 7851
4956, 358
3396, 2828
2015, 9280
9363, 1586
9434, 8125
7860, 4448
357, 4421
760, 4153
7038, 5203
1433, 4600
3663, 8569
6976, 6205
2808, 388
3478, 6821
1131, 7128
6216, 437
231, 9912
2931, 2450
2300, 660
8703, 4463
4878, 5263
5369, 6196
6244, 699
2936, 2312
3087, 148
6944, 795
5160, 4326
6757, 6691
1666, 3995
8183, 5361
4847, 2933
5116, 4910
1583, 6164
4140, 1735
5106, 9685
1862, 1186
1151, 1480
2127, 4460
4653, 2956
5322, 3745
4366, 9529
6819, 1271
9852, 9
710, 7048
2555, 8323
8285, 8154
6703, 5734
8790, 2268
7590, 9631
3266, 9407
2661, 183
2282, 6879
1, 1388
8029, 4204
1540, 9115
1204, 2809
4896, 8710
3398, 8080
671, 8311
7527, 3600
2344, 3409
2315, 3941
398, 7711
4057, 4707
2418, 2189
9930, 750
4777, 5951
4545, 7736
1145, 225
8228, 6632
5949, 3163
7513, 5699
679, 2289
2348, 9674
5141, 5301
1388, 400
1932, 9929
5814, 3654
7921, 9605
1176, 8293
6935, 3553
6760, 9912
2802, 6064
2765, 6403
2522, 8089
7083, 8099
8331, 163
172, 5492
4249, 8172
6970, 8041
8689, 8598
3897, 6428
3883, 5022
3009, 8338
6844, 811
265, 9417
8359, 1440
175, 9152
1395, 9549
5988, 6388
3336, 2056
6676, 6899
3091, 8836
691, 4447
5689, 2731
9715, 2753
3176, 9470
962, 7334
6585, 5397
5760, 6539
7218, 4453
1759, 2112
2712, 493
4579, 7676
1969, 8540
8360, 8542
4792, 6484
3395, 5962
6361, 9923
4193, 120
2908, 6452
987, 2805
8814, 2561
7259, 9220
411, 8338
6057, 4197
2041, 9127
8286, 2000
3901, 8541
2041, 8351
4896, 913
7119, 7525
8076, 9423
4637, 734
6241, 7653
5050, 6980
7701, 1465
3400, 9963
6711, 8595
4953, 1546
1348, 6344
7661, 5894
963, 5365
1401, 157
3851, 4324
2932, 364
9732, 8574
6428, 5613
5450, 4397
8022, 6609
4622, 6845
5713, 6294
4584, 8766
6827, 8949
9399, 8360
2702, 5467
7576, 3324
4019, 4001
2853, 1731
678, 2650
2916, 5254
6393, 3288
8673, 2536
8899, 4860
470, 4772
8033, 4248
3238, 1374
2332, 9763
825, 6377
9867, 8200
7393, 3317
559, 5211
2572, 1586
4364, 5546
9970, 6453
2248, 7307
6750, 2182
9052, 6391
7210, 932
263, 8355
7666, 7942
6114, 9863
6827, 9215
6270, 2238
3021, 828
3978, 8408
7386, 8429
4464, 1103
5747, 3341
3391, 8740
3696, 4096
3219, 9797
8044, 5017
992, 990
7076, 7461
9966, 5256
1364, 6711
7246, 6210
9586, 8705
4171, 5611
2038, 4059
1196, 3514
118, 5139
7446, 8330
8673, 3698
9118, 1941
5393, 9655
2027, 9643
1075, 3586
8906, 2639
1795, 1839
1259, 2206
8416, 9548
6329, 6669
494, 3417
2167, 1663
2747, 8364
70, 2064
2585, 3053
3123, 2080
1546, 9109
5261, 7551
8010, 1342
6420, 6497
2886, 2054
7437, 1903
1946, 9734
7090, 6762
3848, 4377
8342, 3676
2053, 828
1334, 6077
3869, 5665
7867, 3854
1815, 1759
6860, 4518
3475, 8377
3569, 7543
5519, 9849
3730, 2700
3753, 9529
2301, 8481
1023, 238
7511, 1679
7602, 434
1962, 243
2361, 3228
4588, 8841
6274, 382
6416, 7882
3795, 7579
8278, 1087
1119, 6163
653, 6625
7684, 7116
665, 7855
4160, 8686
1600, 2155
180, 6476
6398, 4850
2417, 3530
3304, 2181
2367, 4335
1181, 6504
573, 8392
9753, 4503
8562, 5190
3299, 2176
338, 3766
6678, 5137
7132, 7244
3501, 5231
6592, 7067
7015, 736
9118, 7266
5099, 9286
4569, 2214
5829, 5304
6587, 9896
7101, 1886
3026, 7811
9865, 3625
3144, 4981
6617, 8700
4304, 1463
304, 7963
5404, 427
4146, 9231
6540, 9905
1449, 8483
2081, 166
7410, 4975
7647, 6393
6724, 494
752, 4939
7792, 8350
5350, 5875
6132, 5219
8905, 5275
1802, 5752
974, 8938
1838, 1155
488, 3503
5788, 4692
9272, 3879
183, 5050
4576, 4747
1223, 6322
7286, 1321
9578, 1997
9284, 1373
6651, 9644
1067, 3051
1919, 9514
5800, 4892
7372, 5575
1615, 2803
7236, 2813
500, 6347
8880, 7249
281, 623
248, 2311
2512, 9829
6222, 2402
834, 4167
7866, 2631
2393, 8576
2192, 5245
9288, 3248
4862, 3971
2794, 9628
1441, 8733
5047, 9509
3015, 4509
7091, 3123
352, 1882
7025, 7389
5198, 784
2998, 3784
3659, 9971
9735, 8666
9449, 1409
7604, 3402
2884, 2212
7854, 438
7012, 64
723, 831
2207, 8127
9291, 8053
5659, 3190
5819, 1963
4113, 7124
9766, 6663
8909, 1095
8371, 552
2178, 1178
3194, 452
3642, 8895
9144, 3293
3355, 8901
3923, 1248
566, 4966
4023, 1674
3496, 5792
2574, 8886
7347, 926
4606, 5031
9239, 2850
6396, 207
4922, 1521
2846, 6026
9367, 8619
1982, 4122
5650, 8613
3387, 8687
4618, 6949
7434, 2211
2503, 329
1257, 7279
1554, 2549
4452, 6397
4420, 5255
8097, 4316
519, 6440
3781, 185
4664, 5986
4265, 3793
2878, 376
6920, 9231
8981, 8903
6879, 2179
9315, 3351
8487, 4866
2923, 5965
5455, 3364
2304, 5841
6289, 9358
9457, 5366
3751, 4972
4675, 4411
2855, 2011
9468, 8126
5642, 4896
1179, 8072
1274, 4361
1702, 953
2185, 2510
3691, 7168
3023, 802
5128, 7798
7707, 620
6326, 9608
4682, 3997
5967, 3600
3014, 1821
8128, 8767
9525, 1559
7002, 409
6403, 5069
9971, 2060
3370, 6473
6089, 3502
9965, 7074
1879, 6323
9700, 6567
5744, 2728
2466, 3147
5127, 463
5874, 3277
3169, 3591
8688, 7858
3267, 4230
1092, 3169
2181, 134
712, 571
6472, 1402
5691, 5510
9283, 7372
3327, 5605
6905, 2676
4140, 1093
1063, 8583
9751, 741
2425, 2249
5950, 1507
9740, 2800
8330, 4031
590, 6551
2951, 255
2754, 2379
1855, 6095
4095, 9350
7842, 6290
5704, 437
2194, 9673
4022, 1656
8955, 5823
4370, 8150
4464, 8751
6719, 2443
3904, 1506
6707, 47
200, 1161
8550, 8163
6338, 4803
4644, 6170
5450, 5739
8381, 6994
8833, 6466
9403, 415
4411, 3364
755, 3938
6547, 9113
1364, 2075
9903, 2859
5229, 456
4014, 3455
9307, 7176
2525, 4882
8448, 4800
2713, 5841
207, 6665
4270, 3349
4388, 4453
2286, 5305
3713, 8220
4974, 9769
1026, 6151
410, 8745
1986, 4888
3801, 6031
1015, 612
7435, 8190
5288, 6798
7087, 9088
1486, 6754
5536, 575
840, 3386
943, 6864
761, 9264
5421, 7836
4477, 5489
7663, 5948
8841, 1738
9316, 2481
2095, 8962
8690, 126
4977, 2436
2284, 6642
2173, 3223
8000, 9685
8054, 9323
5036, 9759
2371, 691
8609, 5679
1601, 4905
1904, 6047
5988, 1730
1841, 1826
8746, 5568
7171, 3910
9792, 7134
61, 8988
6575, 1963
6595, 1024
30, 6758
229, 3207
7531, 1570
4961, 4933
2227, 8886
6760, 1897
7710, 2180
1325, 853
3209, 5635
8138, 2141
9371, 1276
7533, 7275
5241, 3118
2640, 6205
5781, 7662
3286, 3100
7792, 6606
3297, 2089
4784, 4120
7729, 3542
9261, 408
1383, 8351
7542, 5188
6039, 5843
3185, 616
7532, 5987
6575, 7890
1205, 2053
7837, 2487
2557, 6917
6455, 4672
8936, 553
487, 4436
266, 2096
7195, 8115
6978, 7670
1829, 8285
6643, 534
3867, 3693
4643, 4365
9903, 2613
8252, 5750
5209, 4599
3903, 3944
7824, 6029
1289, 9832
9193, 4469
7406, 2204
1910, 2893
1778, 3710
3775, 503
2279, 7961
5693, 3433
8160, 2467
4611, 8435
2003, 6630
1048, 366
2557, 7292
8479, 1150
3232, 71
9720, 5427
6440, 8827
2767, 9330
7147, 9561
6321, 7483
2670, 6488
351, 4935
3012, 8450
4780, 1535
529, 1048
7648, 956
9437, 2867
9279, 7958
2277, 3993
1444, 9227
8683, 2359
4774, 8623
6045, 4625
573, 3978
8883, 8163
4638, 7187
8370, 3859
9553, 9959
6989, 7526
6340, 4037
3740, 2603
3416, 825
3333, 1080
3385, 8883
454, 9455
8603, 275
2580, 652
6192, 1956
7965, 4302
8375, 7442
6042, 1487
718, 5481
9953, 1698
2264, 2811
4839, 2376
5193, 9790
7475, 6015
2430, 3872
8509, 3560
441, 2375
8229, 7603
7258, 9706
2288, 4953
7034, 9413
3612, 870
8001, 2221
4613, 5713
4727, 2097
3713, 1945
5768, 7800
6309, 6046
7104, 7165
2427, 1704
485, 3220
3547, 5176
4196, 7624
9590, 490
8724, 7682
1601, 3635
743, 2184
4190, 9741
7743, 3536
4935, 8812
237, 607
3028, 3644
1476, 2994
9500, 3513
5692, 344
1383, 9083
4307, 4026
8146, 7020
6222, 3080
9596, 8215
3437, 4402
7869, 894
7196, 6255
4791, 1752
1413, 6829
3732, 4965
8531, 2966
7327, 7135
8530, 7852
5791, 9312
242, 8897
29, 8778
6763, 1973
2582, 5223
2474, 7164
2236, 9133
6617, 8299
5592, 9229
8668, 7615
1002, 7401
9640, 7243
3617, 2480
8286, 5548
773, 2151
6853, 9162
4993, 517
8934, 1549
1167, 1707
9697, 8169
5420, 7966
3436, 4072
1754, 9474
7948, 3347
3044, 5637
9436, 3613
7964, 6022
7930, 9099
7297, 7040
2577, 6596
7100, 2583
5265, 5217
5129, 6941
267, 4992
1362, 3729
5384, 8747
3319, 1301
7914, 3808
5498, 538
3450, 1037
8087, 1194
6239, 8395
8289, 8866
5216, 6419
1144, 7514
1265, 5985
2278, 7042
5402, 5588
8904, 1979
8022, 1470
4650, 9856
9382, 8975
2875, 9519
7701, 840
1056, 1655
3383, 9694
4292, 1391
5082, 9790
8781, 641
3631, 8039
5226, 7089
1522, 184
8872, 1502
7044, 903
8468, 9716
9002, 6827
8667, 5932
3758, 4903
6189, 689
3075, 5220
5855, 9919
7623, 233
5312, 8233
3489, 3226
6964, 6855
7945, 3754
3644, 619
215, 6686
7286, 2318
6547, 4575
2272, 4700
668, 5563
1496, 5273
9828, 345
9535, 9438
4696, 9624
9293, 3652
8958, 1139
3214, 8492
7207, 7778
4521, 2440
5299, 6016
5921, 9994
2548, 9173
8692, 4983
3851, 1007
3856, 8663
1551, 5410
3638, 75
3164, 5033
2935, 9499
6327, 4263
2732, 76
6688, 7999
3298, 7243
608, 9388
5137, 4169
9058, 6174
1277, 7618
1614, 4866
4853, 6779
7312, 1036
5449, 7336
7911, 5268
4345, 5895
8106, 9994
6473, 3500
3973, 6775
3792, 6714
6129, 3201
48, 4987
5185, 5259
192, 828
6728, 6391
5028, 9672
9737, 6121
5982, 9888
9686, 2217
5374, 5971
3178, 7252
6725, 7376
3602, 8576
343, 629
7589, 6458
399, 1458
7605, 3838
1452, 47
6206, 8130
9673, 8135
123, 1520
9627, 2880
7080, 814
7379, 968
3825, 6219
5683, 4958
8218, 3864
9918, 9753
440, 9280
3287, 8025
1100, 4309
6411, 8264
528, 5177
4459, 3485
5706, 3623
130, 2221
5933, 1116
4181, 7550
8399, 7668
1272, 9433
470, 3765
1709, 4139
6155, 4802
4631, 7833
3328, 4237
5821, 3565
4989, 4701
8777, 9617
6838, 7879
4208, 359
4585, 8268
9597, 7858
1252, 2479
374, 2229
7875, 2257
5680, 4086
1975, 1403
5615, 879
8018, 8775
2917, 4513
3550, 8556
7259, 6964
717, 3796
7213, 160
4939, 5243
9936, 1617
9152, 6150
6863, 1739
2339, 3710
6995, 7338
2216, 1592
4833, 4675
9209, 3810
925, 1421
1170, 7787
1436, 8678
118, 5312
2951, 4163
5136, 3135
811, 7096
5956, 7850
5469, 5984
3123, 4345
4060, 4954
2797, 8732
3567, 2304
2785, 7628
253, 8293
2496, 749
923, 1274
3984, 3715
8015, 8733
5020, 589
2596, 8958
5785, 8322
4471, 7983
8467, 9174
7341, 9768
6901, 8857
3591, 1349
408, 5981
7870, 7084
6691, 9235
4345, 1502
8432, 5920
5454, 5498
6944, 881
5220, 2104
8036, 7688
4310, 6281
652, 2753
1444, 6360
973, 5894
3028, 8429
427, 4762
2982, 8030
3495, 9062
9172, 7186
6209, 8607
8168, 148
8046, 9520
3352, 3296
6340, 2809
1933, 9453
5523, 5028
8706, 8951
702, 8207
4631, 7480
3095, 2683
8436, 4306
8712, 6848
1227, 6091
413, 123
4278, 6726
8928, 7093
7248, 9354
828, 4577
3280, 4401
7107, 9569
9119, 127
2411, 9702
6139, 7021
9571, 2498
5876, 4449
7891, 5483
1187, 8812
6481, 8111
3195, 1727
4928, 7087
2119, 8635
7043, 4393
9811, 4852
3760, 4166
2887, 8817
4719, 2812
4542, 2578
3713, 7297
9381, 9774
6974, 205
3198, 1080
7510, 4666
5716, 4430
905, 3339
6345, 9454
6595, 9014
4684, 8309
1151, 3775
2934, 2742
8908, 2531
8275, 5651
2461, 4238
717, 1306
1945, 2905
276, 9247
1043, 9523
8603, 5842
4677, 3835
9708, 9293
1685, 423
1851, 3837
7850, 7076
4727, 3594
9415, 2299
6653, 7748
3317, 6956
6247, 8956
3296, 7162
9122, 1468
1224, 2995
189, 6532
8967, 5034
5709, 1698
7250, 5954
1405, 1693
3689, 7833
9107, 9662
1640, 7438
6302, 1724
5008, 8001
2331, 6387
7472, 9078
5095, 4415
5212, 4214
8575, 8379
3760, 7394
6067, 5008
9262, 9284
1609, 5292
6051, 4164
8253, 5281
1528, 6035
742, 8871
8467, 568
1812, 7200
7038, 9381
8054, 3093
7807, 4245
888, 3170
6711, 20
4345, 9962
5735, 6859
3130, 6360
2347, 5702
8546, 9188
5754, 7092
63, 9615
6694, 618
3976, 2283
5726, 5157
7550, 5801
563, 2794
6512, 1264
3336, 9243
7693, 8119
2114, 5433
4259, 7743
8271, 2513
3175, 816
4643, 7620
2526, 7103
8109, 2630
7160, 3272
9336, 9363
588, 2542
5645, 6713
8462, 8460
5766, 7558
1678, 87
1726, 8335
730, 1138
7844, 9449
6355, 8205
493, 8984
1261, 987
8953, 5922
8095, 8671
7278, 7967
2107, 2323
3537, 5472
6760, 8340
4580, 4408
4922, 4109
8777, 1659
6211, 5214
4084, 8338
5091, 6424
2286, 904
7179, 1624
9574, 4949
9904, 4654
2274, 4564
4650, 9786
6691, 2546
60, 5826
6294, 1238
3534, 1617
6311, 8008
8853, 1439
721, 9775
3061, 8057
16, 8506
6573, 7325
3799, 3274
3520, 7621
5564, 7371
9764, 7373
8817, 254
7971, 706
9775, 4708
4591, 458
1883, 8681
675, 2394
4938, 2106
2676, 3287
433, 5540
7798, 2572
3268, 7563
5371, 373
8656, 2899
2902, 3846
7685, 1263
8782, 4028
9515, 5412
3278, 7981
3957, 5720
3769, 2046
8851, 2509
202, 3873
4481, 7876
5850, 8169
6077, 7887
2443, 8780
5894, 1064
3649, 1859
7264, 2199
2097, 5729
2820, 2324
1457, 5742
6867, 1641
4462, 5903
5979, 3843
1965, 3523
7123, 4517
9801, 1532
4432, 3753
7883, 7016
3274, 2580
2728, 2956
8281, 1333
3268, 8780
7481, 5242
3460, 297
748, 9566
225, 4791
4382, 5539
248, 8122
9396, 9432
847, 8973
1374, 8551
370, 3422
3900, 2814
3403, 9897
3068, 8759
9680, 8079
9713, 2182
4679, 8803
8911, 9375
1044, 9298
2659, 9058
8739, 284
7712, 8788
7472, 7859
820, 4667
4211, 6671
1561, 5141
8858, 2571
1575, 982
9231, 6176
870, 1500
5337, 5547
7377, 1872
8686, 7310
9847, 3676
6549, 7344
7212, 9411
4537, 2785
1324, 4114
3050, 287
4575, 5137
8606, 2942
2679, 8341
3605, 8839
3478, 7205
6218, 8176
9837, 8567
4789, 6324
3199, 8839
8429, 5214
3285, 755
3979, 9223
9882, 2982
1865, 8890
9574, 5519
5898, 9601
7976, 5229
8483, 3934
733, 601
5655, 9223
3821, 2832
8496, 8286
7924, 8588
7769, 6876
3838, 254
9769, 3050
2076, 9034
2249, 4124
7155, 3406
4695, 2730
3315, 1680
2947, 9340
9621, 4436
1734, 98
1454, 8903
6355, 317
816, 4586
9382, 6046
6672, 7070
8329, 904
962, 6185
3653, 292
8432, 131
9461, 7266
4938, 4128
9077, 1206
8199, 921
8634, 3750
5465, 9225
9884, 4127
9007, 2449
6334, 175
8436, 5112
1039, 9491
964, 6547
5944, 5981
9407, 2813
3237, 945
2694, 1315
4049, 4668
3587, 5279
2873, 9794
1221, 9342
3203, 3203
3448, 2304
296, 6873
19, 8092
4412, 5024
2171, 6989
2559, 2834
1333, 2797
5531, 3150
201, 9485
1229, 9908
1858, 4014
6657, 2752
6209, 6015
343, 6545
5314, 2291
9890, 1733
4022, 2862
4110, 3203
5023, 6380
4241, 1732
1562, 5262
3690, 3934
2775, 3314
2662, 4143
2164, 5773
4690, 1010
8311, 9144
7259, 5537
7354, 7909
7761, 4904
417, 9932
2682, 6626
2055, 7718
2419, 3138
7926, 9925
7232, 3375
1446, 734
6037, 2573
6108, 6436
4861, 740
4980, 482
1815, 1231
7386, 4853
8273, 5732
8497, 148
4717, 2827
4358, 4397
9312, 4828
4511, 4525
57, 7385
4525, 8619
5103, 8661
4433, 7185
8963, 3104
7611, 5432
1748, 8097
4365, 3487
8065, 7535
7822, 9321
6585, 5307
1210, 4976
1966, 4493
6567, 905
7656, 8585
2338, 9526
3174, 5454
248, 8241
9520, 7163
2929, 4892
2152, 6974
6726, 4194
4910, 4683
4115, 8457
1570, 8133
6584, 8679
8037, 9964
777, 3054
8616, 3603
7125, 6950
2774, 2492
3540, 8053
2398, 6403
7626, 4029
8664, 3124
2504, 1586
8280, 5145
6513, 5990
7568, 9828
378, 5827
8704, 821
7403, 2693
6233, 5785
194, 8113
6688, 9392
9479, 1798
9118, 8825
3161, 8895
1795, 2988
4887, 5745
6426, 9411
3868, 8903
456, 6614
3121, 2072
2078, 1666
6326, 5714
2575, 341
6508, 9205
7339, 8840
6505, 8014
6889, 585
4014, 286
7027, 7940
3637, 4103
3307, 334
6164, 2435
5692, 5582
6191, 5328
8955, 9673
5290, 7932
1820, 5256
7291, 8249
1809, 8215
5598, 7293
2957, 4268
1986, 4024
2711, 1938
705, 2595
874, 2482
4637, 5250
4265, 4349
8101, 3957
7904, 7032
1735, 1921
21, 7493
9231, 5637
9166, 7450
9950, 8572
9436, 2560
3894, 7295
5364, 3849
4961, 1220
5615, 3439
4386, 1831
2311, 8294
7043, 9843
3218, 77
7389, 444
3195, 4614
4534, 9948
187, 3503
8005, 9353
3111, 6668
81, 5472
2867, 4963
7431, 5088
8932, 2932
58, 7925
5955, 7507
2869, 3951
9630, 4803
9132, 1358
4120, 5329
2689, 4077
8433, 746
6866, 5896
6432, 1338
991, 1531
7708, 7394
3561, 2920
586, 7205
1078, 2292
8497, 431
2561, 1679
9465, 8723
5807, 9135
6946, 4687
1356, 6728
8017, 2366
1252, 2298
4197, 5994
5998, 3782
9976, 8107
3138, 4046
1921, 2417
394, 5256
4278, 1530
4967, 2479
5678, 3728
4091, 727
8533, 8034
1795, 91
1256, 2189
616, 2036
8624, 8503
5339, 7000
2253, 1320
6957, 6748
3207, 1286
6193, 9063
8393, 3435
217, 7029
2250, 7109
7421, 5205
2272, 6506
490, 6496
8217, 1381
822, 4518
5540, 1538
3266, 3783
7978, 5713
7801, 1626
4779, 1626
7477, 7710
242, 4462
7953, 4026
7418, 3878
3544, 2963
8426, 1819
5004, 6986
8763, 3377
4819, 5247
1531, 5376
4956, 9910
1754, 6848
6543, 2004
578, 8208
1235, 7766
3156, 2259
8825, 1982
6028, 2121
7013, 844
6038, 8325
3549, 3397
9674, 6560
1641, 914
5315, 6505
7834, 4359
4990, 1046
1672, 4398
1630, 7532
612, 3551
5836, 6312
4412, 6015
9323, 5864
9757, 1811
5562, 3272
7426, 3791
1538, 5084
2762, 3503
1663, 4071
7816, 3216
8956, 902
1812, 8732
7895, 4765
7183, 5345
4531, 603
5379, 7229
1724, 8316
4985, 6456
2358, 9627
2836, 3678
574, 1426
9803, 1608
2770, 9840
3828, 1621
2924, 6645
4124, 4938
6761, 3485
4691, 6291
8232, 1702
3348, 1284
2302, 368
1586, 7202
2135, 385
7709, 3287
199, 7202
3748, 7525
110, 7049
3141, 74
4921, 2451
720, 1372
2853, 4558
5849, 5026
4287, 7152
6492, 5487
3383, 5528
8235, 7948
2115, 4079
3955, 2848
5440, 9978
4349, 9998
5651, 7503
8384, 4284
6685, 9890
1331, 4315
9421, 2251
7648, 1128
6287, 4469
3781, 6654
7426, 9573
9828, 8261
5432, 5221
9322, 347
5366, 9564
6732, 6893
3243, 3676
5453, 6947
6718, 1832
5884, 6133
7280, 2160
4042, 638
8224, 7178
9258, 7132
3645, 6655
7809, 5072
4790, 6047
3501, 9464
2221, 8129
1282, 4486
1739, 2332
3167, 3629
6557, 283
5696, 6648
2155, 3280
2844, 6023
5321, 5096
4046, 7158
8647, 7894
401, 9516
9539, 5855
3124, 5053
7294, 6258
205, 5516
444, 3794
8185, 5937
3093, 2081
1858, 7171
6760, 9274
154, 7938
3936, 1755
9012, 851
8446, 6382
802, 9497
6229, 1266
1784, 9260
5189, 6363
6479, 7033
9088, 4034
134, 4934
7992, 9418
6755, 6288
5225, 9505
7160, 9939
1283, 1822
9552, 2325
1407, 6701
6984, 9327
8194, 4597
4954, 2425
8144, 3171
1429, 7105
6472, 6260
9657, 4728
270, 2068
8574, 5257
6454, 702
7556, 8215
1211, 1550
6324, 6450
4063, 6219
7382, 9205
3309, 8267
5020, 783
9002, 5474
2859, 8475
4634, 9035
4826, 6111
3071, 5905
2867, 6046
8252, 6810
8583, 3738
2056, 9729
3598, 314
3566, 4398
6252, 163
6146, 9524
4239, 7862
6765, 632
1284, 1366
5609, 5177
7305, 3444
9240, 9103
9149, 6169
6094, 8132
2772, 1695
784, 9274
2119, 4556
5940, 2808
1592, 3260
5288, 3829
5075, 234
5646, 7263
4847, 1035
6149, 135
9316, 5784
9763, 2557
3799, 6022
9630, 5908
497, 4995
3018, 4722
318, 1806
6924, 6951
848, 4132
3566, 5367
8596, 4787
1467, 8837
2540, 1196
1498, 2045
6892, 2570
2439, 9214
8576, 8186
8860, 5859
1290, 2566
8288, 5645
9914, 4593
6630, 5407
6021, 1073
6726, 2453
4584, 8500
872, 4913
5910, 577
4380, 8995
3341, 8077
1031, 7541
5239, 1094
2456, 672
9868, 2239
3065, 2863
9269, 584
9217, 7166
3387, 553
7654, 8542
6830, 9067
2639, 9752
2802, 675
3224, 6587
7555, 3036
5503, 1412
4649, 799
4171, 4073
5270, 4258
7772, 5874
4893, 2235
5309, 8180
253, 879
8022, 5819
4954, 9644
3134, 4452
3133, 2975
3278, 660
385, 7234
977, 6776
1391, 3270
999, 8731
1316, 7673
8633, 6861
6189, 6179
663, 1382
9861, 7859
5996, 8583
2293, 7601
19, 1256
3098, 4720
4979, 7604
2885, 1618
2422, 1742
9979, 439
1607, 142
5645, 4596
4138, 5787
562, 7212
8213, 8599
3311, 7326
4332, 6946
8521, 9978
5307, 1835
6866, 1537
1596, 8202
2831, 6152
1432, 515
9402, 5656
3210, 3224
2211, 390
2927, 3887
7265, 1018
234, 5546
8919, 9998
2900, 9257
5873, 7605
6528, 5448
4909, 9285
77, 4502
8551, 9298
5956, 7668
253, 5977
9649, 7557
3697, 6374
9343, 8344
3469, 6482
3804, 4495
3920, 4524
4060, 860
6903, 627
2073, 4695
8407, 3661
4727, 8798
8086, 9479
982, 4074
2921, 7770
352, 6537
5496, 342
4851, 4013
350, 3230
3353, 8337
6013, 1487
7730, 9011
1342, 2894
595, 2931
7701, 6173
6008, 742
4803, 3962
7413, 6727
3894, 7893
6314, 1963
1627, 8907
1349, 2063
2612, 5731
3281, 449
8868, 1061
3643, 4215
8470, 6818
4022, 7839
7022, 7140
7429, 885
8183, 7330
5749, 666
7836, 4448
573, 5047
8834, 7953
6750, 4462
2866, 9802
6980, 9449
8917, 7957
2687, 2450
6824, 1454
7659, 9726
6782, 2302
1738, 1143
3029, 9457
1316, 9108
4736, 2534
7765, 7991
1364, 8323
2997, 595
5295, 2738
4949, 6327
7410, 1340
2356, 9628
6559, 5744
6609, 151
4701, 9183
9355, 2731
120, 9720
1236, 4190
6934, 5403
8277, 2870
7909, 4764
4267, 4592
6111, 7350
4079, 6445
9023, 4826
2627, 4218
830, 1043
3223, 1066
7318, 3558
9708, 3122
4536, 6459
5504, 9776
5368, 34
4920, 8873
9974, 9285
6908, 5358
9992, 4856
1835, 9674
7314, 9999
7728, 7467
1608, 1837
5036, 874
2106, 180
8259, 2841
7742, 5389
8915, 3288
2844, 3189
6302, 851
4818, 8979
3736, 7820
1560, 3778
1580, 2176
1406, 6671
4890, 2953
4993, 3793
6891, 5328
5196, 7455
1157, 7388
4091, 3170
2153, 9723
6571, 4121
1850, 4972
7342, 5059
9272, 3559
3370, 9853
1930, 218
5617, 55
747, 2544
2859, 9717
3819, 7904
4207, 9103
6070, 5472
8449, 2469
9537, 1619
5637, 7475
3776, 2182
1681, 7261
2005, 9315
5377, 6663
1252, 6784
5172, 9268
3890, 2936
3140, 3897
9595, 9027
3347, 8092
6066, 3812
5361, 5262
9859, 4623
6745, 9667
4308, 2005
1115, 4154
8651, 3117
8373, 5565
7545, 4065
6842, 6119
1780, 7298
836, 5644
322, 8761
4006, 7850
5105, 9371
6890, 4186
8355, 7752
7066, 1891
423, 7553
7146, 7803
499, 1155
3362, 4314
5821, 8436
8937, 7198
521, 4089
9868, 9317
6333, 7618
1263, 6874
8160, 3586
8522, 3839
2752, 4990
517, 8691
9987, 5506
942, 5120
7350, 5066
4903, 6595
6817, 4852
2253, 3401
7963, 1664
2754, 3715
5241, 6320
7356, 2822
3794, 7874
2983, 6274
7087, 1655
9173, 3708
6558, 735
4502, 6313
9973, 9571
8978, 5386
1843, 559
8371, 3615
1378, 6234
4000, 1497
8585, 4275
8484, 4417
5038, 9066
750, 9246
2825, 7864
7409, 4998
867, 2459
6699, 8325
9709, 4018
5746, 515
9837, 1650
6474, 5781
2483, 6851
7236, 2210
3963, 9034
5953, 7824
8955, 883
5028, 6170
6555, 9402
2885, 6673
1524, 8647
9713, 7213
9633, 6644
4479, 157
4194, 3339
5294, 5698
9312, 1281
6601, 6309
6139, 1466
205, 3088
8510, 2487
5889, 4768
3876, 5683
5524, 9717
548, 7637
789, 4211
3288, 1618
9851, 7256
6156, 8019
5493, 9818
8177, 1695
9804, 4908
5937, 4357
548, 6941
8684, 5960
9409, 7870
5793, 6918
4935, 1646
4489, 7399
937, 9684
2910, 5391
1203, 7943
2313, 1600
6868, 1325
4968, 9183
8402, 7839
7790, 3040
3521, 5797
6612, 4273
223, 227
8173, 5457
6294, 5359
4440, 3835
1317, 830
8030, 8067
4920, 139
6795, 619
9699, 3011
6234, 226
4398, 4799
5337, 5130
9978, 6895
3148, 4452
674, 6688
7517, 3770
5596, 7290
7681, 2233
3263, 5320
1317, 7642
5983, 644
9207, 8683
963, 1150
7681, 4494
2520, 9737
5713, 5933
8510, 2323
1684, 7641
3824, 4671
9600, 3230
8241, 9969
705, 5764
146, 7845
4379, 9509
336, 2140
2974, 2678
1770, 5348
4072, 6803
8128, 3586
3172, 8060
1079, 2239
3728, 2614
2281, 4349
6092, 1311
41, 9876
4142, 3346
100, 9229
5283, 403
2563, 7257
4640, 5639
1341, 5183
4550, 3763
9833, 1890
5380, 1824
9057, 2219
7494, 5080
1875, 2023
5596, 8384
1761, 1023
6373, 1297
9288, 5248
714, 7652
717, 8311
5271, 9226
5875, 3147
2532, 4053
522, 7142
4338, 3831
577, 9025
4096, 3285
9276, 3420
3581, 8439
6496, 8535
6936, 8431
2331, 9839
2580, 4595
7922, 5608
3367, 4153
98, 2227
5825, 2846
9063, 2557
2586, 7106
443, 2724
4996, 6948
5494, 3463
5216, 7670
5123, 4809
1596, 2732
5028, 3873
6698, 9047
908, 6977
5548, 5608
1050, 3712
1963, 2371
1925, 4582
5062, 6674
7027, 8804
7847, 9330
9492, 8174
9346, 3838
7147, 7302
6904, 5527
8508, 5846
6808, 3117
9664, 7162
5556, 1964
5958, 6871
2817, 2549
7605, 3980
9384, 7560
380, 3204
2489, 4635
7642, 8756
5712, 2026
6089, 8167
3760, 1851
6420, 7908
8539, 1548
3818, 5784
387, 9404
1739, 7558
9371, 1762
9599, 5608
3063, 2846
7926, 1200
3042, 1354
842, 399
335, 2813
4336, 4385
4583, 8876
8846, 4740
848, 1197
2374, 147
9374, 8745
9888, 2691
4963, 7357
7879, 6089
9779, 8046
2089, 1589
611, 8310
530, 6288
3439, 4735
3986, 6141
5130, 1083
4938, 287
7376, 7502
9783, 6983
3144, 7273
9493, 4584
6917, 995
6020, 9706
4860, 2533
3480, 7078
9839, 819
6650, 3556
6568, 4722
8812, 8783
6065, 266
9178, 4802
1248, 5498
8748, 1698
8545, 2163
5384, 5607
8907, 9378
5652, 9927
8756, 4141
2921, 6961
6624, 5784
4243, 3683
8709, 1444
1141, 3305
7466, 5894
9513, 2755
6718, 7456
7477, 2113
3748, 9726
6233, 1309
3484, 382
3413, 7445
4461, 1869
7480, 8596
3167, 1002
8643, 1677
6005, 490
3131, 1379
9479, 9511
4653, 1159
8510, 261
6652, 4030
152, 2931
5143, 7566
5067, 7114
6950, 230
2278, 4502
8386, 8231
2179, 2525
8324, 5731
4921, 1296
4981, 4737
7102, 7806
6469, 6377
9690, 5408
6376, 2498
2694, 1828
9930, 837
3091, 5497
2851, 2446
1016, 867
3734, 6671
7715, 796
5635, 4625
5936, 3480
3485, 5912
6359, 8163
3333, 5569
6080, 4457
3573, 1995
9602, 8673
1257, 5151
1704, 5655
9543, 1181
2341, 6948
943, 596
8735, 3213
526, 7150
9398, 6101
381, 3558
8568, 7472
3590, 7655
3533, 7845
4662, 7026
6109, 430
8222, 8187
1250, 9359
9699, 7969
1736, 8513
8166, 920
1840, 3178
3214, 3877
2196, 5259
9297, 8117
4021, 8486
1746, 9770
1392, 6665
2532, 8579
6799, 9499
6220, 4103
5243, 4754
964, 9854
9855, 3407
2300, 9324
8520, 9495
7467, 9531
4825, 9278
8372, 6708
3308, 1250
7780, 9977
2546, 961
6247, 7266
8427, 3145
8954, 6466
6480, 986
6027, 1717
3501, 9161
6908, 1144
9661, 3732
8487, 3957
9854, 4973
5564, 1034
340, 7637
7461, 4485
7737, 8230
890, 7070
2738, 3580
3648, 593
1741, 3857
9597, 4502
150, 2085
8567, 8079
184, 4551
7050, 9341
7536, 738
4920, 3519
5566, 8918
8874, 5433
389, 2737
8005, 5549
4706, 4570
5656, 9224
1305, 2346
5810, 987
6090, 8056
7952, 2549
1459, 2624
3780, 905
527, 7103
8737, 2993
4652, 9485
8611, 879
8634, 7575
459, 2492
2255, 3543
3176, 6079
6776, 2019
4433, 8203
2202, 2864
6143, 8821
3735, 3776
7608, 5297
9643, 3695
1862, 9096
7046, 6245
9670, 2328
4164, 9929
8860, 8936
3752, 8547
6403, 8854
3352, 7052
4034, 5968
1857, 1205
3386, 9371
5626, 3504
7469, 7139
9495, 8702
5369, 2799
9636, 5414
2993, 5488
5633, 9567
1036, 1206
493, 1114
9446, 4271
2443, 9775
4901, 4669
6642, 9555
7735, 2899
6144, 6195
3847, 3916
9390, 6959
1422, 8791
2334, 8998
6358, 4243
4736, 7897
7593, 6019
1877, 4175
4184, 4063
9323, 9253
7751, 9767
1159, 5631
4470, 4499
9537, 6240
9755, 2940
1033, 6978
1643, 8737
2871, 370
3559, 9255
8944, 1707
2547, 449
709, 5133
4210, 3495
3893, 6762
2781, 3446
3538, 5293
3314, 9236
3105, 4663
7561, 574
3371, 8503
3842, 3936
7457, 5461
2010, 5264
6060, 5724
3533, 343
3986, 658
8677, 557
677, 5589
5104, 6944
9973, 3763
8512, 9025
7302, 9078
5899, 3979
2220, 9050
6819, 9248
8098, 5132
9632, 9874
2171, 8706
5305, 4043
4815, 6001
6626, 7706
2199, 5806
8080, 8379
2388, 9493
5943, 1921
6394, 7519
3204, 706
5130, 5700
4071, 5679
3596, 8413
5927, 4398
3115, 5668
698, 5351
8891, 8250
3580, 8263
8518, 9013
4700, 2884
8115, 9732
4823, 5518
9800, 8257
4956, 62
3558, 6994
8142, 9582
4515, 1275
4088, 7717
7814, 9923
394, 4157
6010, 5873
5794, 4658
8677, 1140
1734, 3993
4755, 9564
3086, 9146
6827, 2168
2238, 2524
1747, 9629
8897, 8636
2431, 6511
9681, 4057
6373, 8895
9315, 4575
8188, 9122
1040, 6207
9187, 9849
5005, 7319
7742, 2706
5884, 4755
5578, 3899
667, 1055
8578, 8974
475, 1271
6570, 4989
4955, 8398
9305, 8795
5826, 5432
7972, 8725
4540, 6964
4516, 4203
2012, 1961
2665, 8031
6383, 9195
4633, 8217
769, 7418
4449, 8948
2137, 408
6300, 8201
9487, 8901
3009, 8854
5694, 1577
4374, 9802
4517, 557
1107, 4623
9863, 2326
2562, 5733
562, 4830
2050, 759
2077, 2737
1194, 8044
9914, 1474
9210, 1853
3435, 8728
622, 2366
5648, 536
1644, 8506
879, 736
7836, 6095
6525, 3132
1815, 7491
9496, 6473
984, 9698
4999, 9956
7136, 4213
8473, 4574
1014, 8177
3882, 9631
346, 7113
1252, 5187
9578, 3344
9202, 3301
6126, 3263
6928, 4247
3438, 7535
5470, 6411
8852, 9860
7427, 7905
3884, 9639
2639, 7214
2984, 974
9608, 5077
9887, 1417
1286, 5445
1621, 8604
4778, 8382
2278, 9828
7225, 64
492, 1160
7846, 1699
7665, 2510
685, 2909
2078, 5318
7053, 6899
9969, 4951
6749, 2031
4461, 5652
6351, 3370
123, 5819
7889, 4151
9647, 4634
1504, 5292
7142, 1054
8247, 2845
7210, 9609
2710, 4023
7320, 367
3550, 8230
425, 1886
8616, 3635
6396, 839
7141, 9485
9477, 6093
6960, 7970
6862, 153
2112, 5819
6779, 5031
5274, 2338
7740, 3905
627, 3936
3884, 7383
3810, 39
7335, 3687
1140, 5417
7880, 7518
617, 6500
6527, 9979
6236, 7962
3922, 5052
3553, 3809
7291, 2968
1334, 5475
6463, 6936
5692, 3619
6990, 9122
9871, 333
8118, 3140
544, 2184
498, 1274
7124, 9900
1888, 5916
4437, 5914
6016, 4070
7702, 8940
8009, 277
7108, 297
1061, 5035
2840, 9205
5677, 1552
5177, 3011
7871, 9941
4175, 6952
3739, 3398
4642, 9598
8478, 6523
8081, 3073
2469, 2698
1166, 4553
915, 6973
7046, 1733
9853, 1292
3919, 5776
3475, 8087
6378, 5331
4297, 4195
8327, 9927
7092, 3486
4456, 2085
8704, 9999
4110, 3100
3693, 9215
8831, 2013
1051, 9998
3418, 518
2346, 5028
7489, 2474
1268, 2821
5044, 4890
2694, 3424
3247, 7922
7913, 6244
1625, 4210
9871, 7296
4349, 2583
5433, 1365
2022, 8470
726, 7273
8724, 2292
6245, 7771
1227, 2181
3211, 31
4954, 7247
7152, 3157
4505, 6810
5140, 6682
651, 3622
3087, 4858
6403, 8473
4022, 4015
2947, 3172
2698, 1483
2144, 672
8698, 3711
577, 3274
5000, 5414
8343, 3401
7801, 3729
4006, 2152
4518, 4575
9664, 6388
4912, 712
9747, 3507
6896, 2006
5801, 2271
557, 2289
9262, 9950
9126, 4565
3183, 31
6591, 8947
8701, 2995
568, 9153
5312, 8534
9801, 3214
7240, 4825
5802, 454
3871, 1693
8686, 3678
27, 9213
800, 1965
8495, 2776
886, 152
3073, 5322
2722, 4616
6214, 9351
4248, 9385
5914, 5395
1257, 6098
4844, 6865
3197, 7964
2101, 6405
6528, 6336
4937, 6232
51, 9858
3622, 8552
6899, 6500
201, 4585
7847, 9352
5745, 9004
6594, 8902
3323, 2987
9017, 1238
7068, 9022
7071, 4059
5725, 7901
6171, 5757
4800, 5090
9019, 1328
7761, 3913
8498, 2006
6888, 6344
7709, 3902
1003, 5077
6019, 2983
8241, 329
7994, 3637
7777, 511
791, 3310
6856, 8088
7005, 2626
6313, 5838
9655, 4021
5182, 6483
3168, 9803
4557, 5989
431, 9134
151, 272
81, 3839
1274, 801
2222, 7687
997, 4867
8030, 1672
6236, 2328
2676, 1509
8705, 404
8824, 1770
226, 9609
6163, 2762
8819, 7291
547, 5203
6512, 4384
3199, 2208
6484, 8182
4404, 5243
7192, 7520
9901, 9180
7347, 7886
3873, 3347
4255, 2585
1830, 6782
3500, 4968
7604, 5351
670, 3985
3301, 1021
1810, 5823
2872, 5086
9406, 6061
68, 7134
2310, 3228
1722, 5414
2970, 2231
2739, 5996
1500, 2944
3400, 3946
4896, 4038
6993, 8430
205, 7366
3237, 9454
1552, 9659
240, 4117
9167, 420
1923, 2862
4315, 1072
2820, 1084
670, 3176
9654, 4868
8084, 8841
1220, 8425
87, 2716
8679, 5121
498, 3860
8760, 4488
903, 7540
3054, 9265
1692, 2746
4408, 8868
7791, 5628
9351, 3481
4971, 7997
1763, 576
5379, 5660
1774, 1642
9450, 4874
7605, 967
9189, 5094
1074, 4813
4857, 5990
2911, 193
6798, 4420
2341, 5254
2309, 6915
4674, 8783
3846, 8892
7001, 274
4801, 1305
8643, 4892
3382, 4077
3892, 6747
6849, 7375
1017, 7403
7645, 6929
5068, 1136
2217, 8897
3898, 1757
5927, 7515
4684, 8016
5713, 7512
2977, 1706
4727, 8760
8877, 8574
3331, 9624
8874, 2900
1518, 1199
157, 27
6811, 651
7428, 1129
5841, 1155
4651, 6528
3014, 824
8557, 2688
6422, 781
6568, 2290
9027, 5744
7993, 6472
1910, 6308
7399, 6847
6724, 7820
2187, 7102
7965, 6118
6189, 6222
3405, 6866
3274, 9061
3477, 7086
9489, 6800
8324, 447
6333, 4605
2302, 8974
1676, 5187
7487, 5660
5231, 398
153, 7140
7530, 9066
2408, 1884
5179, 9308
8903, 2566
1895, 5080
3020, 7657
2208, 2562
7422, 7751
6115, 2340
8231, 5963
9725, 473
5764, 754
3214, 9924
9817, 3091
7525, 112
4737, 6603
9787, 3780
419, 6537
1469, 3426
1761, 1507
4976, 6269
2394, 6707
5481, 6533
8527, 7570
7268, 3153
6195, 1344
3138, 9751
6587, 1565
6752, 9194
4245, 5494
2786, 8753
5205, 6527
9358, 9824
3417, 5785
4693, 6357
9070, 5105
9644, 9154
2413, 1461
5465, 1874
301, 9891
3546, 7113
2876, 1024
3710, 3132
9800, 562
9335, 9578
5655, 8347
9431, 4758
7126, 1522
2215, 2386
8015, 2544
3575, 4105
8915, 5779
495, 5609
6903, 5922
2804, 2460
3836, 7582
8487, 178
3126, 7297
1495, 5548
7758, 6375
2759, 2743
5139, 2453
6377, 4178
8475, 1274
3690, 8414
5591, 8368
9831, 3298
580, 6767
6189, 8648
6510, 2591
5759, 2792
6479, 7943
688, 7918
677, 3303
3376, 6186
482, 558
5683, 7828
9869, 6841
2477, 6474
389, 7113
9578, 9672
2662, 6992
2746, 9811
2196, 9527
7337, 9490
5556, 7119
7773, 6505
4874, 9042
7464, 3731
6941, 7909
7278, 1115
7703, 4477
2880, 3191
9833, 3530
2391, 194
5371, 804
7820, 9733
2624, 3233
4819, 785
4536, 5361
1497, 2203
1279, 2358
9938, 5556
9859, 7411
9189, 4596
4674, 9711
4708, 2099
7282, 5638
3186, 3108
9483, 589
9081, 2126
5279, 7616
9060, 4839
9625, 4905
5719, 352
4915, 7519
8719, 6919
5233, 6761
6275, 2029
443, 941
6937, 2565
345, 6698
8054, 7205
7222, 158
6349, 2893
4359, 4357
169, 1745
277, 4431
4262, 3428
8405, 4684
2025, 4035
3721, 5766
5151, 1435
5184, 411
6483, 744
7768, 438
6345, 8523
9604, 6793
808, 7478
3112, 3865
2357, 8855
3697, 9958
4426, 3728
9602, 8374
133, 3039
3689, 7549
7036, 8751
8224, 2250
6255, 2329
2815, 7297
4470, 8952
8014, 7184
4777, 5192
3224, 8529
8895, 5402
108, 3995
9533, 8679
3293, 2741
6720, 3998
2201, 600
790, 2236
5287, 1968
1783, 8775
6297, 5359
3473, 8119
8273, 4142
3281, 6834
2704, 3761
9165, 4178
3434, 5429
4925, 2260
5749, 7768
5243, 160
5295, 7189
1216, 2768
2975, 8715
4525, 3695
2068, 4761
2571, 4480
5675, 3945
7002, 7336
1484, 3846
8502, 489
8915, 8171
2696, 8732
2476, 521
8153, 809
967, 9668
2529, 4022
1084, 7579
3149, 5834
5112, 4354
8574, 7581
2453, 7006
8670, 814
2167, 7644
6478, 6880
9347, 1710
1851, 9506
1210, 6627
288, 3258
3459, 2674
7220, 6029
2871, 1139
9363, 2381
4598, 1642
6971, 6383
6263, 3984
5341, 4328
8236, 4560
307, 5717
1524, 5931
1409, 9763
650, 4505
404, 7841
9146, 3293
8439, 4896
724, 355
8740, 3891
2073, 4392
6663, 6697
9698, 8678
7534, 8709
1, 2987
5805, 6902
607, 6805
3151, 2872
6740, 1260
9526, 9606
2276, 5980
7891, 1033
7319, 5981
2929, 2658
2369, 2752
1372, 2672
6256, 393
2431, 6911
6213, 2436
2363, 6205
9097, 4837
5203, 4218
7472, 9184
2980, 7099
3467, 113
2179, 8043
4071, 4266
1518, 511
3683, 5159
6308, 9716
2432, 894
1136, 7816
8417, 2024
9264, 8177
4481, 327
5893, 1022
2451, 8980
9539, 3912
2165, 310
4264, 2324
1822, 5440
3050, 4424
2294, 6663
968, 7751
549, 8910
514, 411
4275, 6257
9525, 3934
3103, 7659
5278, 9733
8587, 2820
4928, 3658
4660, 3802
9905, 4644
3456, 1930
9742, 9349
3584, 4171
5807, 4768
2549, 4440
2934, 1060
1823, 7560
1184, 5002
2688, 4780
6494, 231
31, 6260
8397, 4062
3624, 7406
3233, 4214
176, 2892
3857, 6802
5063, 4400
2155, 4451
6614, 839
4136, 1127
488, 5136
2298, 3979
6709, 4248
5202, 4549
4489, 8371
8959, 2247
2996, 6664
4880, 4544
3402, 1801
1931, 1573
8218, 8158
8374, 2615
2940, 7725
6034, 6017
4788, 7912
5159, 5745
8339, 8404
3434, 6304
9660, 8817
6284, 9888
7844, 1818
8764, 2433
8867, 1915
4045, 5295
2199, 4426
3634, 9900
8759, 820
5285, 8438
9237, 805
7991, 6468
5021, 4114
6321, 4674
8266, 9351
9914, 8615
4888, 2248
8401, 4511
7380, 9894
4266, 7994
7407, 481
7222, 7600
3297, 6820
9546, 4831
75, 1970
9090, 9154
2277, 9082
5310, 2224
6293, 8649
1882, 9839
7905, 1901
5404, 243
2668, 4274
9943, 6822
2476, 1755
8684, 6613
8349, 5358
3728, 9477
3454, 7116
9480, 1441
1016, 7355
1024, 9217
3199, 6626
3852, 9896
7521, 5985
8406, 6906
7324, 9531
966, 6280
7372, 8017
3008, 8186
5138, 3644
1254, 7687
7536, 6406
7550, 3604
4976, 1669
6607, 4743
389, 9029
3637, 7686
5801, 4849
7092, 4177
5541, 6670
6216, 5257
4511, 4260
11, 3436
2830, 4170
5200, 1294
905, 6189
7725, 9556
6669, 3148
1862, 7552
8317, 8691
9715, 1013
916, 3923
5251, 9910
8694, 4842
2586, 7359
6660, 4932
3366, 3759
4990, 6669
2367, 3985
5763, 305
1149, 6085
6644, 3
2836, 8592
4823, 9174
4250, 5085
9576, 987
5609, 7054
9497, 1176
1295, 9555
5945, 7985
5922, 7845
7251, 2438
2178, 4048
7261, 6873
7767, 1403
6561, 1610
169, 6933
6921, 6817
1199, 1710
4515, 8759
7199, 591
3924, 8801
6307, 4887
1113, 6265
5517, 3635
6392, 4891
8577, 7592
741, 6138
5345, 1504
8721, 2876
4918, 2207
828, 2169
7305, 7378
4411, 7035
7458, 1427
6837, 9554
2680, 106
4887, 951
4631, 5315
6312, 363
9008, 6936
6150, 2491
2186, 4892
8111, 6594
2838, 1028
4700, 7179
8112, 2177
8263, 2257
4033, 2478
782, 6470
5794, 2706
1952, 6684
4011, 3715
8596, 1491
9865, 7736
8697, 1904
878, 3224
1431, 4998
4961, 6900
5732, 7011
2151, 5790
2451, 3466
8474, 7029
5975, 5240
2469, 8718
7030, 5029
8578, 2225
7848, 5609
9930, 7116
4847, 3705
7468, 712
1408, 2445
9561, 4774
7391, 9359
4651, 2229
1305, 8977
38, 3748
4730, 7083
7335, 6526
64, 481
9241, 6935
8871, 3645
8150, 8609
6210, 7342
8650, 1051
9483, 4220
6035, 8791
1842, 1206
7413, 9623
6338, 2698
1627, 4099
5249, 6193
2312, 6057
86, 1828
5195, 3985
7044, 5855
9088, 6572
7941, 3025
9507, 7801
7490, 5949
1423, 9891
6286, 8112
7365, 5499
9011, 6479
4312, 9981
5620, 732
1349, 721
1137, 5860
6896, 4193
9097, 2409
9978, 3682
2602, 7223
6495, 6481
9812, 6309
8811, 2907
3099, 3947
7021, 664
1131, 5882
9299, 6213
1846, 4907
9941, 2829
7577, 6280
6958, 5556
4285, 769
3044, 1808
7320, 9693
1001, 132
308, 6558
7866, 8810
648, 2478
7412, 8492
4914, 8219
7495, 7855
5654, 5069
739, 5468
9200, 1280
9551, 732
6469, 515
296, 7376
7624, 9035
294, 5978
5128, 1380
6699, 3388
1190, 678
2548, 7803
549, 9200
7090, 4639
8378, 8291
1202, 7562
5891, 3869
5784, 6834
7140, 7009
6651, 5773
4764, 4432
1305, 1144
9254, 9942
6299, 9796
7899, 1123
3476, 4317
3269, 4996
67, 5208
2015, 77
6343, 6393
8328, 534
3586, 143
9478, 79
6390, 4396
1719, 9249
109, 5604
4514, 4819
6661, 1409
4700, 7574
8855, 4224
2983, 9421
5736, 5213
3829, 4220
1481, 2358
1450, 1211
7785, 1214
2879, 4855
5099, 5040
659, 5815
6994, 3294
8908, 8582
9944, 3429
2683, 2209
9614, 7455
5310, 3118
7742, 6708
5374, 1895
3260, 3773
1657, 9954
2491, 6280
9306, 4174
6700, 2625
9220, 9084
4176, 6803
8318, 5799
5631, 6443
2712, 3810
7538, 1044
8859, 9805
7194, 4613
8527, 7795
2659, 8227
982, 7700
1651, 5252
2837, 3369
3373, 9650
6099, 873
1522, 2007
4762, 7591
8295, 1403
1819, 9414
9041, 1960
3278, 3434
3709, 4870
2326, 1564
8604, 6392
915, 7162
27, 8049
6721, 9784
6481, 5268
2046, 8423
7010, 7480
4361, 9424
6433, 2804
7366, 6798
1970, 8332
8110, 4677
5085, 1480
4947, 3298
6494, 573
5169, 5841
5577, 6411
8335, 4149
6698, 451
8325, 696
5915, 4434
1048, 143
1999, 1422
929, 9208
7756, 2059
5515, 3027
8118, 6651
1099, 6810
4549, 3648
7002, 7390
1512, 2447
4734, 2784
9331, 4803
5223, 7257
2660, 1835
4037, 3063
2564, 8113
6214, 756
1017, 4328
2461, 2340
8695, 721
6750, 6427
5542, 4106
4182, 9672
7695, 4852
9896, 1986
145, 3135
5778, 814
4080, 9828
206, 7354
6061, 5487
6836, 1033
5584, 4343
1613, 892
737, 4187
5890, 1625
6119, 9386
8627, 3466
728, 8319
7747, 836
2767, 7960
2289, 4834
2059, 5537
6562, 1438
8900, 5842
3529, 3276
2632, 8353
9032, 7203
6596, 8901
6400, 1321
8782, 9385
6565, 2218
1215, 1993
2525, 1028
9406, 1037
2535, 6833
6535, 9935
6264, 9442
8379, 5881
3552, 3285
737, 5536
5275, 6163
6618, 2759
9028, 8873
306, 1938
3316, 8832
3970, 5112
6856, 6123
9363, 371
2816, 4621
2301, 7288
6212, 6628
9645, 2173
8897, 4406
965, 732
2097, 9750
9437, 4883
5529, 7875
3271, 1092
5740, 6014
848, 928
5132, 2773
6435, 5547
5168, 5809
8471, 1324
4161, 9816
2537, 4772
271, 2432
8452, 8776
8353, 3377
8684, 8940
170, 5862
4715, 3294
2502, 8272
2035, 6365
851, 9510
2818, 7076
1261, 8300
8339, 6374
7170, 8895
2880, 8087
8884, 4283
7349, 5445
8380, 4281
721, 7410
796, 5481
4390, 7407
2541, 4423
7983, 950
9895, 4685
7649, 3860
8591, 8405
730, 6161
9610, 5833
9734, 8493
6608, 4665
4785, 3513
2348, 3992
5799, 4640
5056, 1012
3350, 6480
69, 7184
1589, 3672
4512, 1120
6126, 5119
5055, 3904
8166, 8654
4291, 8240
3182, 5532
4008, 7216
7858, 2053
2816, 8004
4062, 8566
9358, 8133
6321, 2375
1197, 8644
3017, 8405
5489, 2043
4526, 3259
6069, 5378
9995, 9868
4355, 8235
2902, 704
5059, 4059
8129, 137
6059, 789
1689, 3569
8740, 6100
2780, 657
9501, 7252
2168, 1264
1833, 2462
7902, 5558
8755, 7311
1605, 1020
3714, 3027
5930, 307
439, 3955
2709, 3789
51, 7897
2056, 7403
6086, 459
640, 532
3906, 5276
9054, 9999
2574, 9291
4799, 3902
9782, 5557
7863, 7847
3440, 6526
6813, 1823
1769, 8103
112, 213
4798, 316
5463, 6745
8391, 1070
133, 2103
8637, 5448
4043, 996
476, 6944
1944, 7684
3892, 1548
8812, 5093
585, 125
3818, 5659
75, 9917
3547, 2537
8784, 8465
399, 8665
6812, 9051
4127, 3960
1155, 1886
2158, 65
3301, 4158
3006, 6052
8968, 3684
3934, 1779
4148, 6892
2929, 6137
9703, 4411
5562, 2567
5577, 6320
4547, 4301
4233, 5973
2078, 6529
3526, 1730
8962, 2622
7483, 1678
1367, 1740
2914, 6707
5772, 4584
6937, 9037
2565, 6913
1985, 6719
7251, 7726
5698, 5107
4332, 1631
4621, 3723
713, 3262
8426, 2232
7310, 6418
8592, 2214
9604, 2064
8275, 9090
7954, 6637
7079, 3593
7211, 3749
5554, 6479
3296, 1873
9232, 6521
2790, 7609
6384, 2567
7330, 8758
9948, 385
6033, 2546
3782, 8077
7685, 6159
1133, 474
2233, 2560
9551, 3501
1013, 4776
6600, 7493
2749, 5117
2809, 7517
8819, 9881
7092, 1725
910, 1325
5540, 2557
8882, 1425
6377, 5656
7614, 924
5536, 5801
8581, 6669
4594, 4340
9316, 4340
2451, 6835
707, 768
650, 6603
6439, 1270
5409, 5451
3251, 4042
5810, 1553
5998, 542
7313, 7033
3552, 2692
5641, 290
5606, 9073
2062, 655
7573, 9696
4690, 5319
5387, 5231
8307, 7081
8736, 5994
6609, 5695
1708, 6291
2029, 5422
1827, 3723
829, 6920
747, 9872
1885, 6046
2238, 1394
2095, 8357
6331, 643
5555, 5091
5590, 9019
865, 7750
9856, 6629
3187, 322
7281, 2330
7104, 8725
7057, 1992
547, 7417
4535, 2446
2426, 3525
201, 6695
4347, 1520
3890, 7760
6672, 2291
9905, 1864
9507, 3098
5646, 1523
2389, 3927
8695, 9051
5623, 8946
8937, 5859
6204, 4689
795, 873
1206, 160
2675, 2120
9949, 6286
3692, 2295
5790, 132
5599, 3314
7936, 4001
126, 3250
5730, 7399
9040, 7260
8895, 5244
1270, 7891
1108, 5662
3372, 6730
1864, 9367
1788, 3866
5658, 2424
988, 5276
2361, 2597
263, 3173
7612, 1837
2905, 7963
2322, 2900
5188, 9847
1811, 3918
8048, 3849
4502, 1082
6031, 9458
5180, 4633
6735, 3459
233, 7738
9944, 5760
8291, 8996
5541, 9856
5970, 4239
95, 8259
6136, 3855
1189, 7856
3370, 798
8920, 6282
1644, 7348
7987, 3519
5676, 4662
5016, 6525
5172, 6536
485, 7969
6210, 4176
1077, 1757
6949, 2057
7186, 1189
6830, 7984
2121, 1847
2342, 2063
9158, 2181
958, 6436
3662, 7648
6512, 1277
9404, 1778
4309, 9458
5443, 4151
3248, 6270
5810, 9545
9512, 4939
1365, 775
8772, 4634
2536, 5586
190, 7804
1286, 3108
7321, 8784
3296, 7085
2351, 7818
7434, 9659
4659, 2939
9647, 8725
3734, 7875
1876, 9364
805, 5408
4634, 7887
1583, 337
8093, 817
2724, 9467
6042, 7465
7336, 7415
2957, 1582
3783, 5287
6296, 2189
3139, 8771
8031, 2064
5881, 5365
9968, 7405
7234, 9661
9953, 5832
4165, 129
802, 3062
2474, 5668
6337, 1087
8057, 9825
6764, 9983
4192, 7125
608, 8185
3283, 9735
1984, 5160
4574, 8725
8834, 1204
5670, 1436
2948, 3981
3022, 9875
5388, 3336
1638, 2005
4205, 99
2221, 4409
7332, 5237
407, 5856
18, 3671
4345, 3034
1477, 9482
3969, 3493
9519, 6996
3619, 5763
3303, 3114
5198, 6166
46, 2123
5486, 8363
2666, 1158
4698, 6977
2383, 2361
4077, 3828
9276, 5944
8418, 5594
3585, 4918
8568, 8522
3742, 6659
5125, 9236
6902, 3602
5639, 1136
9298, 4966
2613, 8183
5698, 153
6421, 5128
2527, 5464
5815, 8
7772, 3901
3997, 265
2379, 4266
1646, 3269
2444, 2592
512, 7272
9903, 3994
1155, 3768
8362, 4441
5325, 3410
9511, 5980
9360, 7665
2613, 5243
8071, 6397
7503, 5185
2287, 7806
8777, 8147
8339, 8476
4598, 7505
623, 3205
8199, 728
4310, 2234
8862, 7554
5199, 5478
8224, 6523
1082, 411
7945, 4096
5105, 5259
8074, 4710
5209, 5648
717, 2708
5912, 56
137, 3551
9696, 8881
8097, 4672
4809, 4669
2310, 3011
1181, 6930
5133, 687
6653, 1777
3228, 7357
1425, 7168
1693, 3879
3917, 8374
6853, 2718
9023, 1539
9902, 4024
8532, 1418
8064, 5572
2714, 1708
1663, 459
7168, 5969
7790, 4389
5114, 9189
2305, 5157
6561, 4957
4992, 4066
5655, 8949
519, 1939
2824, 6584
4314, 8551
3692, 6475
342, 8254
713, 5558
1027, 3991
7093, 5264
4806, 1286
6505, 8550
6466, 1521
3089, 8983
3502, 1768
4207, 7087
3634, 640
9248, 286
5387, 5482
4326, 8181
6126, 6644
7477, 188
1961, 7467
9129, 5619
2469, 6299
9748, 9347
5224, 8086
1142, 3039
6470, 493
8836, 8685
680, 4877
3339, 4139
8821, 3112
6351, 5455
2092, 6607
7516, 9344
8980, 3722
3789, 7466
3579, 5060
602, 9282
250, 7493
6876, 6423
2298, 9405
5772, 4481
8127, 5242
3034, 1081
5522, 2743
9594, 3875
8333, 9233
7816, 1292
192, 5014
6108, 9885
6160, 4860
424, 4681
2255, 2524
255, 3929
8839, 3241
5984, 4305
7727, 6529
463, 3983
6416, 4895
7029, 1567
5521, 8121
7550, 3790
6767, 1597
7280, 6057
681, 4835
4011, 6321
4119, 1247
4188, 461
9674, 6679
9275, 4636
8222, 9323
1605, 5654
7597, 6341
9316, 6845
9949, 4638
1113, 9173
6121, 105
8172, 9965
6334, 9729
4539, 8746
731, 2443
510, 2335
7548, 519
4619, 8682
8336, 2457
7492, 4957
165, 3630
8142, 7208
646, 9853
333, 9808
9227, 4683
1867, 2446
878, 9035
3048, 4358
6862, 1984
4396, 5394
2716, 272
407, 4683
5459, 2440
5817, 4788
1013, 8982
2845, 2323
9296, 6199
3696, 9500
8095, 4701
5760, 6667
9772, 4411
8511, 1598
9444, 3473
5367, 4765
7891, 2879
9031, 5015
9342, 808
956, 4730
3872, 5269
2907, 782
1900, 3906
9450, 9039
9777, 4633
6558, 9814
1308, 9785
8351, 5715
2534, 6482
1160, 2808
8974, 8496
6875, 6724
1858, 114
3137, 3211
4839, 3622
6447, 4607
8696, 307
6468, 6254
1978, 5506
8783, 6967
3166, 7433
5261, 2105
7488, 229
5280, 5419
3757, 8964
8907, 4066
4433, 7805
6985, 5538
8302, 7964
9870, 3795
9673, 5534
7829, 5231
7918, 7941
6201, 9014
4995, 4104
7696, 8623
5498, 7307
1424, 6523
5104, 7190
3381, 7591
7651, 3652
9803, 4238
2193, 5387
6918, 9272
7531, 2258
9569, 5380
3896, 52
3635, 6237
2102, 1872
8093, 3531
9675, 1946
9552, 1129
3674, 626
1564, 351
8033, 9743
1220, 8668
9358, 6999
3501, 6385
6994, 4654
580, 2700
9774, 9832
6591, 6656
7674, 7228
7692, 606
3380, 4968
4341, 6274
3366, 4411
1253, 4844
256, 1331
757, 8680
8740, 8100
5199, 7533
6241, 4529
5668, 2415
1511, 3354
6841, 5058
1898, 4978
7019, 3260
561, 2923
1795, 8372
9101, 5872
9605, 1677
23, 5087
7970, 105
2978, 5570
4446, 9084
7360, 5257
5196, 8879
6641, 7861
1541, 2924
2805, 7971
4887, 5085
6099, 4147
6378, 3196
1490, 1876
7054, 1382
7492, 5485
9888, 3009
1651, 2059
3771, 2438
5364, 3490
2923, 2493
5208, 8898
7885, 9333
6144, 4280
7475, 6620
9489, 1069
8276, 1649
2509, 2111
7279, 7491
8449, 4906
8303, 9013
2702, 7843
6938, 7634
5710, 6417
8068, 2231
296, 5416
8546, 8081
1615, 3747
2296, 7363
4020, 5261
4467, 5747
1308, 8125
4770, 2594
8237, 8140
7071, 359
4274, 4515
9900, 2248
2669, 3574
6217, 7172
5980, 8215
3489, 3679
3764, 1528
5620, 7866
5082, 5937
8592, 5006
9873, 9434
1560, 2037
397, 5
4871, 5526
6678, 6460
5421, 3643
8616, 9890
2824, 9520
8135, 2345
8494, 2874
7760, 6527
2279, 1042
1547, 6869
1143, 2749
2333, 8639
2601, 4313
457, 849
4615, 5958
3990, 6827
725, 8702
1628, 8499
6494, 1714
3192, 9500
7751, 7267
4607, 6000
4079, 6026
8160, 607
3176, 2276
3377, 2564
1983, 4494
9803, 8896
1814, 217
7666, 8854
4276, 9193
9628, 2866
7250, 3744
3300, 4951
9174, 8770
6854, 387
8364, 9684
874, 8929
8912, 2486
2606, 9610
7769, 9163
4507, 5065
7375, 2913
458, 314
2669, 1633
9375, 9758
2001, 4068
5603, 3790
7409, 3983
9136, 4890
1880, 6701
2182, 1405
1709, 9400
7643, 5470
1524, 628
2798, 5301
3678, 7384
8524, 7959
5036, 8874
204, 6817
7281, 9925
1461, 6445
8821, 9849
9295, 4004
6053, 2864
3014, 9440
8264, 5240
3659, 9500
6893, 1010
3798, 5371
9040, 6934
1830, 3330
4507, 9585
8392, 4643
5545, 748
7750, 3207
3478, 8442
9030, 599
4034, 4110
6164, 5366
9556, 9622
8298, 606
7371, 3624
4667, 758
6240, 8359
8191, 8302
4039, 6754
2504, 199
9333, 8377
1444, 4369
5627, 8573
9723, 8689
5104, 9283
3416, 6655
7581, 7445
7573, 8858
3313, 3381
7391, 3704
6565, 2767
9704, 2862
8570, 3610
8923, 8985
3294, 4730
122, 1494
4366, 7733
835, 5508
9701, 3279
7217, 6244
8323, 2085
6495, 4586
4121, 6771
7511, 2083
448, 6290
9736, 1442
4329, 9778
839, 6777
1151, 7487
2876, 448
8184, 2963
349, 4053
6987, 680
8249, 4081
460, 8360
4890, 7667
2787, 1923
1709, 9947
4426, 3868
1662, 4309
1909, 3185
6316, 527
8667, 5813
7627, 9721
1075, 3067
4505, 8968
634, 1553
4136, 8455
65, 3623
3882, 7611
7587, 9306
3515, 7170
2452, 6402
664, 3703
3077, 2500
3613, 1812
595, 3124
9884, 7348
7953, 4379
7610, 6675
842, 2497
2035, 6997
1672, 7000
1486, 9088
2290, 9668
8619, 2488
3743, 2650
1176, 7125
7610, 2804
9939, 9186
5230, 3487
7066, 7236
3232, 9217
8062, 3349
204, 5690
2038, 2108
8776, 6454
1296, 4139
8213, 156
1330, 3605
8803, 342
3615, 3002
1396, 8317
4389, 4944
1033, 2672
9010, 8959
3336, 8353
6119, 7369
5327, 3964
6629, 3125
2114, 6053
1364, 2119
5409, 9229
6835, 7181
6117, 6624
4729, 5480
7833, 2782
5466, 2005
5157, 8869
709, 7639
2757, 1847
4746, 3283
6584, 9981
2377, 3992
8468, 8296
9445, 2345
8135, 5199
424, 456
6585, 5610
3360, 2512
4173, 3066
4295, 5839
7622, 6147
7152, 6078
9430, 183
2893, 2111
8850, 7008
9710, 6722
3937, 1977
7428, 2324
2467, 8969
2099, 6372
4159, 286
4325, 5763
3476, 8802
1900, 9480
5297, 9596
1408, 8509
320, 790
7270, 7721
5212, 6310
2785, 9339
2468, 5900
690, 5407
2600, 7607
4027, 1601
1728, 1412
1362, 2491
7356, 8900
7681, 2828
9190, 8504
5210, 9912
4068, 3500
8711, 7046
7913, 3005
9503, 4762
443, 360
533, 5375
6319, 417
8331, 5152
4672, 6637
1716, 8659
4575, 6332
1894, 946
2501, 7798
7246, 5880
8771, 8961
2494, 2917
9722, 7276
7825, 4862
7831, 779
9567, 436
9510, 7680
1516, 703
4455, 6082
2395, 2102
2750, 3501
6545, 942
4100, 7318
8884, 7821
1868, 7816
1553, 7769
4848, 9872
2556, 2322
888, 8001
1266, 5689
1660, 3221
507, 5276
3474, 2354
7788, 3567
2897, 7076
9080, 6008
4790, 7964
8886, 7110
211, 6661
3342, 3087
2309, 6526
3950, 8373
5727, 1049
3433, 3045
5778, 5488
4174, 7964
5166, 4654
3702, 1429
2274, 4241
871, 7331
6879, 4154
1254, 6024
1435, 766
4537, 2480
369, 8653
6858, 7661
6037, 8700
8984, 5359
1029, 4401
456, 7263
9659, 1883
9432, 7657
2368, 4267
6340, 5140
7659, 3794
8130, 6272
9510, 5273
7911, 4666
2609, 6215
1069, 9358
704, 8275
1964, 346
7631, 3702
6788, 3227
6934, 5067
1741, 3303
360, 3591
5174, 5158
1045, 4895
2842, 4493
5264, 8362
5088, 8920
826, 8164
9393, 532
5757, 5307
8421, 3974
7589, 58
3590, 11
5704, 6096
1622, 5533
9095, 12
3997, 5135
7532, 5575
2154, 4246
5827, 3710
6394, 2484
3894, 8971
2135, 7265
7312, 2095
6407, 1992
515, 4846
7446, 3835
532, 3415
7086, 5892
6196, 5070
6658, 106
9626, 9287
4682, 8236
9948, 6225
6217, 397
1757, 1229
5258, 1708
9360, 6842
4601, 8910
874, 9695
1854, 3306
566, 4388
8228, 1681
8226, 3421
5559, 425
326, 5187
1164, 20
1765, 2049
4618, 7009
8315, 6360
7798, 7663
1927, 7631
9310, 3561
9171, 8491
8859, 499
2878, 5255
361, 8880
42, 4592
3522, 7037
5921, 9952
5542, 8317
2418, 549
8391, 2161
2250, 7132
9649, 323
718, 5151
2183, 6768
997, 1865
2168, 9057
3538, 8802
9217, 5988
3038, 9452
7788, 2764
5348, 7992
3861, 9889
3254, 5925
2925, 2740
4142, 9334
1272, 2484
9614, 6495
4514, 7798
8041, 7484
8430, 6245
8186, 5486
9918, 3078
66, 2691
6238, 5238
3376, 3249
4667, 5362
6936, 3870
6834, 5619
9750, 7535
866, 5060
8619, 4459
6243, 7921
70, 3211
4960, 1374
3087, 9169
3648, 2897
1692, 7394
5539, 7677
5574, 962
4920, 155
9862, 2810
7163, 8087
7449, 9208
1674, 9349
9827, 5363
8777, 9791
5551, 4744
5692, 2284
3076, 9639
5586, 5870
4964, 1716
529, 8135
9742, 6826
2508, 3401
6195, 1362
1585, 5753
5350, 9004
6302, 1567
6172, 7384
1684, 7773
4674, 8420
3412, 394
5262, 1122
2998, 7865
5326, 1076
3337, 1179
6349, 9543
2933, 7293
2260, 201
2347, 4943
957, 5465
4286, 1459
1138, 3450
5675, 8286
9844, 1059
8307, 3230
7144, 6358
6457, 6776
107, 2539
5511, 7389
4407, 4056
6619, 7096
2365, 4047
1087, 2919
6466, 5156
2294, 7651
3639, 1689
6514, 4637
8064, 9977
2931, 1351
2486, 5645
3034, 9853
8103, 2734
8667, 4318
3051, 3256
4449, 4491
1010, 7430
6411, 9786
8697, 7280
1188, 1047
9308, 2078
5969, 9304
9061, 6040
643, 8827
6226, 6268
5980, 2287
6181, 5066
30, 76
1349, 9263
639, 5680
8065, 6188
4633, 4422
5157, 7267
6765, 6293
4965, 5310
2856, 6994
6662, 7420
7806, 2627
8460, 9800
3859, 7026
1406, 9159
1353, 490
7222, 8110
5763, 2272
8900, 9246
951, 4129
3234, 349
322, 2468
4739, 1714
4486, 8924
6388, 1197
8159, 2237
9364, 3568
5907, 4136
4832, 9534
8423, 2388
9303, 2831
6190, 6171
1324, 1661
7468, 6990
2282, 94
9177, 470
146, 9870
8866, 4344
1727, 8728
8185, 4036
2603, 5760
8620, 811
8714, 2385
4179, 3594
7364, 8638
9827, 5735
3761, 6055
6992, 7671
3388, 7226
7679, 5257
5946, 9747
2617, 9731
7876, 7938
8827, 3367
2463, 8488
170, 6097
5581, 1613
5556, 448
5164, 6112
4658, 750
2189, 5660
6442, 5070
2687, 6932
6577, 4145
6330, 6107
6766, 6309
5735, 3010
9657, 7803
2316, 9615
1330, 4323
1958, 6662
8654, 8038
1183, 6871
9211, 528
7423, 9251
69, 7272
6686, 524
8146, 7309
1735, 7625
519, 8974
5273, 691
6958, 5622
439, 2590
5103, 2435
95, 1447
5755, 2098
520, 8839
4551, 9592
9684, 3889
2293, 4767
3797, 5102
1967, 4075
3884, 354
9133, 9448
3788, 7402
838, 4898
5405, 2501
7074, 2369
1085, 8428
3070, 2287
2432, 6191
4313, 1590
9800, 398
491, 6379
9121, 384
1366, 9777
3955, 7860
6420, 8444
4874, 4962
3232, 8979
9858, 3916
9169, 7985
7083, 22
6032, 8936
9804, 655
2666, 6690
4404, 6347
6257, 5221
5756, 1887
6174, 8050
313, 1113
7921, 4715
1165, 5609
9865, 6543
1325, 991
8942, 3875
8493, 1842
6380, 9806
9063, 7866
8010, 2705
778, 4620
4888, 9009
2383, 7136
6504, 9842
9143, 9151
2290, 3410
6465, 990
7563, 1392
3064, 6290
609, 4775
6008, 9375
4269, 8298
4833, 8945
8827, 4798
5332, 1942
1797, 5294
8170, 3062
6075, 9759
7828, 1120
4831, 9346
7517, 3426
925, 8239
4572, 9588
7800, 2771
5606, 6322
5104, 185
4368, 4276
6687, 6686
3586, 9372
2002, 9348
8310, 1628
7205, 4885
6144, 353
4215, 6034
8312, 7807
3021, 8567
3010, 1595
1554, 220
4927, 4495
3948, 2747
9324, 6669
1626, 648
7752, 6980
2905, 162
8004, 3560
9878, 1605
2002, 529
3086, 6137
3984, 2258
3697, 683
5710, 9235
4452, 8422
7834, 1950
9190, 5502
6077, 7811
7419, 6185
8639, 5336
6964, 458
7557, 5985
5647, 6730
3723, 7127
5418, 4901
572, 7880
2291, 8591
4238, 2908
8443, 5105
9995, 6191
3530, 4916
1097, 8223
4476, 4249
3419, 5972
6456, 9314
769, 5415
1457, 7456
5755, 160
3749, 8266
5899, 7328
4771, 4471
1463, 7719
4585, 9961
7725, 7555
3372, 22
7362, 6647
7441, 7620
643, 3715
1208, 2416
7709, 2837
7624, 2267
8647, 5916
6917, 3809
3501, 2565
1166, 5879
2968, 5780
9107, 6976
5704, 1281
2980, 9677
9939, 3356
6117, 1503
2072, 9422
5038, 6618
8908, 46
9582, 632
3558, 4220
4207, 5478
1542, 861
5732, 2911
719, 2052
6591, 5715
6406, 8634
7440, 4260
50, 4585
1544, 957
7699, 4043
7084, 9696
48, 8297
4532, 7034
152, 9651
7810, 2948
7978, 9324
4416, 7433
3456, 4926
1907, 5215
1878, 817
3740, 6788
9945, 8675
7901, 9783
5498, 4661
8521, 8671
7329, 50
2467, 92
9711, 8525
4536, 264
7116, 1014
5689, 2698
5134, 9976
8401, 6263
8171, 2626
4229, 5861
4630, 7152
489, 8301
197, 149
4591, 9420
6563, 5415
7274, 198
1329, 6055
2897, 1848
3752, 4732
9455, 8201
5530, 9531
3958, 3755
4790, 4069
4116, 9860
7594, 2301
5838, 8388
4642, 4020
442, 6290
4846, 3763
3833, 9399
2466, 1333
4304, 5719
9144, 7614
455, 7943
5312, 3115
9978, 5103
3463, 5703
5486, 8782
7093, 9496
2942, 9972
1344, 2820
1459, 4721
2350, 1075
3346, 1527
7784, 5346
8703, 4142
7323, 4465
1567, 8804
5608, 6154
6859, 2270
9690, 6782
6176, 7872
8391, 2478
3188, 1109
9984, 2291
4979, 220
2227, 1306
3735, 4191
2256, 735
4422, 9569
5464, 5509
4725, 4755
2113, 64
5738, 5490
4438, 367
832, 3153
5995, 3497
2036, 3151
8415, 4515
9900, 8197
9418, 4459
7862, 4446
4005, 5476
9934, 5875
2377, 3934
522, 7474
4656, 5793
8432, 2970
4840, 2806
23, 1894
2918, 418
9466, 1092
551, 6704
713, 2704
1073, 7546
2026, 8609
328, 1284
8781, 8048
4124, 4293
8701, 5505
1664, 50
6273, 784
9669, 2169
8979, 329
3413, 1783
1144, 8419
7164, 9494
2302, 7402
2129, 5303
7716, 4807
1714, 7768
9858, 8927
7693, 3858
10, 1525
2251, 8641
8934, 7580
7558, 4624
7057, 3646
972, 2193
6146, 8082
5644, 5015
6050, 4397
6828, 3712
3983, 6263
2589, 9281
6553, 3913
5943, 1456
8025, 9456
238, 1224
8722, 657
6598, 317
1551, 2873
9762, 4909
7244, 15
3271, 5054
5985, 1657
9392, 4617
8393, 4728
5659, 2883
2465, 4833
9344, 2468
4075, 7144
7026, 9894
6130, 9067
6814, 8428
7352, 2424
7008, 1980
6892, 4780
7669, 1435
3639, 2602
6764, 9859
6501, 7476
2533, 5139
8368, 6008
8923, 5987
7432, 4186
8638, 9251
176, 3786
2792, 4655
3298, 7874
9186, 4305
8370, 383
6639, 8131
5951, 2953
7782, 942
9590, 3824
3373, 7637
3681, 7157
4832, 663
5981, 4786
5745, 8581
7097, 8199
5242, 2881
8122, 4994
318, 7246
1019, 9994
8317, 5178
546, 5784
406, 7045
6446, 6595
4663, 5452
7004, 8038
8863, 5223
5801, 7728
4229, 5211
9426, 4232
6418, 7484
9799, 5963
9321, 1523
6414, 9460
9974, 4520
8963, 3206
8948, 7356
6797, 9913
8505, 4678
2572, 6926
4700, 9864
3503, 2257
8999, 1101
8898, 5450
439, 2721
1492, 6720
4752, 1053
214, 9563
5118, 349
4112, 116
1862, 5872
4621, 5035
4027, 2828
9063, 5813
6572, 7643
6894, 5664
2474, 3942
9489, 9892
5224, 5836
6047, 7655
3099, 9391
7431, 6573
5281, 9563
4139, 8907
9645, 5027
2147, 1254
5376, 5947
8622, 1277
8245, 1868
1107, 5824
5507, 5447
5110, 779
1685, 2825
2935, 291
5333, 3511
2276, 4427
1556, 8423
4494, 6835
1031, 3754
5993, 1918
364, 314
1756, 4111
4554, 5739
8345, 1760
8854, 6273
2823, 4862
5234, 3695
7418, 8404
6928, 7335
3140, 1298
6372, 5059
6117, 9241
279, 1598
9294, 3638
1560, 3615
7604, 3673
8396, 9219
4431, 6385
327, 2727
978, 5847
2755, 2079
8933, 3971
3533, 1958
1806, 5534
31, 8338
4222, 3013
2519, 6243
4903, 390
8615, 7848
5883, 811
2502, 1677
5248, 5360
1556, 9045
6160, 9410
3146, 9393
2045, 8822
4512, 1146
8258, 9748
4344, 7072
6772, 9822
887, 8079
9207, 6464
7908, 4827
9405, 3126
4281, 2297
4489, 8564
1735, 2777
8786, 6774
4790, 691
1427, 3717
9689, 2669
3375, 6259
7936, 3174
8194, 4851
8311, 1234
5042, 4760
1900, 1107
1156, 6184
9022, 9568
7755, 3532
4032, 9476
7196, 9591
3405, 3046
1885, 5936
1382, 4833
7851, 1310
9927, 7999
5723, 2784
2247, 1047
4472, 742
94, 4575
219, 7359
6929, 2160
4073, 3103
4728, 1221
4118, 6765
4289, 7135
9815, 6535
5870, 4425
1509, 4002
1449, 4210
589, 2002
4759, 9036
1653, 4369
858, 8496
1417, 1632
7105, 3356
6451, 7576
203, 1771
2601, 2299
2248, 5375
9345, 7020
2720, 5981
2591, 2408
9260, 4628
9439, 7295
4962, 2652
2781, 9843
1183, 1831
3073, 7724
4733, 1095
6665, 533
9476, 7356
8207, 7527
8909, 3416
1514, 2943
753, 1761
3680, 6334
7888, 7313
8728, 494
3437, 1006
3997, 7468
2886, 1153
2239, 6455
4370, 5605
4564, 2259
6611, 4974
6380, 6521
4155, 868
1170, 7039
1979, 6618
3038, 9327
1847, 4575
5095, 5239
6213, 2001
1878, 3549
1796, 7016
166, 5005
6489, 2582
1351, 2688
3764, 6249
6769, 5642
4273, 8875
4934, 9633
2123, 311
7024, 6165
6331, 4183
5866, 576
4030, 94
6971, 3067
5236, 7343
6044, 9786
997, 8952
2603, 9093
302, 3311
520, 9764
2313, 7224
7341, 8151
202, 2160
6842, 9679
1494, 857
6526, 2268
2815, 2802
5650, 9540
3098, 3537
3167, 1053
5009, 8112
4320, 5447
3843, 8114
3410, 9081
3129, 3600
5767, 9814
1605, 485
7482, 5196
7459, 8866
461, 809
5633, 2382
1999, 8666
571, 9550
7049, 385
3823, 1469
1495, 8738
2271, 2648
4628, 5930
6196, 9449
1037, 2173
8239, 3965
7032, 4010
8380, 3044
8750, 541
1136, 3125
6771, 5522
1617, 4428
9879, 5009
276, 817
7396, 1834
272, 8725
2008, 8573
866, 3131
5245, 1734
4331, 4833
5699, 132
6196, 3818
2655, 8213
9522, 6266
3692, 4864
3315, 1565
6144, 8078
8296, 7780
9034, 2053
7421, 4413
967, 4387
6595, 1950
8148, 2067
6703, 2797
7326, 2959
7276, 6463
9573, 8451
2155, 8107
9839, 6329
2203, 8906
8377, 9591
9843, 5326
7495, 9937
1067, 6012
4669, 8987
9211, 8711
1222, 3328
9019, 362
2593, 5896
3674, 1794
8973, 3097
2299, 8406
4457, 3709
7817, 2452
2237, 8364
1563, 2073
3479, 7030
7074, 1628
3662, 255
6239, 4455
7875, 679
5953, 4963
6357, 6517
2093, 304
8915, 1439
9398, 5518
7244, 4201
3484, 2043
6914, 6104
8657, 2632
1757, 8065
7062, 2394
908, 4834
6788, 2379
2807, 5581
6694, 4666
8192, 6541
3364, 5573
1063, 3510
1547, 6194
6860, 2398
168, 9701
6304, 9457
7235, 5072
7220, 5573
7576, 3645
4659, 1612
5680, 9937
8860, 2159
142, 5038
6871, 2717
7974, 4440
6280, 7424
4776, 4865
657, 6760
4922, 6212
1698, 6774
7603, 8922
4332, 791
9924, 6172
9460, 8635
7601, 3797
6595, 1313
9069, 2451
7945, 9345
7076, 4043
641, 917
2945, 5206
4064, 7909
8848, 6619
7767, 9422
5422, 7914
7177, 6942
1676, 9171
7510, 2110
7747, 8753
1765, 3276
5473, 5798
7216, 4932
8497, 8819
8457, 1051
4761, 964
2459, 9944
6077, 2263
6059, 2031
5425, 2215
8685, 907
4219, 3161
4307, 4072
39, 5586
4656, 4746
5332, 4835
1355, 93
9691, 5586
1967, 1786
4688, 3558
9647, 2914
6913, 8878
7303, 5578
8060, 7679
7229, 4276
8526, 2969
4983, 9862
4229, 8516
1190, 7000
7366, 5196
9759, 5023
9131, 3558
1611, 9602
8628, 6270
1684, 8245
1806, 8639
8256, 8954
386, 8990
2458, 992
7204, 8051
955, 2373
9499, 9300
9384, 5696
5168, 1184
9349, 1812
7360, 3893
9751, 1186
5100, 6159
1927, 3086
2160, 2638
9251, 1643
9040, 4466
8238, 6150
3565, 6998
968, 9340
5895, 3974
8248, 8889
9069, 8686
5957, 6862
6305, 6896
5828, 446
7463, 7586
2876, 7045
9275, 6402
5269, 3269
2417, 7942
8783, 63
7272, 6420
4207, 7883
1928, 2667
7668, 7508
5595, 6013
7080, 8258
3064, 8681
3618, 2965
2378, 2393
8152, 26
8127, 8405
8657, 5934
2636, 3953
3913, 2173
3598, 3146
8094, 4181
6059, 6904
3367, 2780
4583, 9953
6788, 6602
6771, 875
7424, 9093
4463, 3195
2195, 7255
7216, 1614
1268, 8382
1965, 5090
7644, 9488
8995, 5923
5461, 4200
8057, 9390
978, 2161
5694, 1203
9400, 4318
1613, 5868
106, 8196
323, 2884
1810, 9925
8183, 4774
9099, 4858
5928, 2019
4780, 6764
9333, 6671
9919, 4975
2453, 8505
5423, 59
3350, 8197
1023, 3080
6867, 4248
1080, 165
4175, 5311
2219, 837
8286, 6733
2676, 9399
7587, 143
8431, 7729
3972, 29
4868, 1464
4746, 6671
3390, 159
3412, 3273
2762, 7801
9211, 565
6059, 5164
3535, 8364
1194, 4293
6337, 3696
4602, 1489
5210, 5529
6042, 6383
7384, 8106
5411, 7104
9273, 3887
17, 8040
3248, 6022
6383, 2116
5109, 7223
4587, 2807
3577, 8256
7896, 1619
7159, 3938
2770, 4241
8725, 5666
1245, 6301
698, 2700
7382, 3457
2842, 5291
5819, 923
268, 5646
7910, 9022
444, 151
5412, 66
461, 1925
8532, 3945
4102, 4796
2588, 7744
6717, 4590
6565, 2909
9458, 1480
4022, 9947
610, 2155
9374, 320
2556, 5078
9003, 1447
767, 5981
7079, 590
1538, 3960
9970, 5678
3070, 2794
2395, 7858
6822, 3387
5976, 2807
8343, 7973
8678, 6447
8634, 4088
3290, 4305
1446, 6634
885, 4352
2258, 9902
7782, 550
4280, 16
8649, 2734
7685, 9899
9789, 5627
5853, 3927
2276, 8488
4892, 4402
9891, 2268
5319, 7546
8361, 3017
8225, 7508
9981, 4754
7850, 796
2432, 4615
7457, 393
5441, 750
9737, 8684
9311, 3776
3114, 4069
6409, 7981
6527, 6594
4577, 3772
845, 741
3504, 3123
9459, 8913
1491, 3200
2956, 8609
4802, 4050
8705, 2501
6401, 3943
2652, 1402
560, 1074
2088, 2852
1693, 280
7796, 8122
6281, 3544
4358, 5183
2616, 5829
7964, 2760
9922, 4881
141, 8207
7879, 7495
3743, 4787
7999, 9237
2833, 9642
6574, 836
3032, 2292
9879, 6902
6184, 4877
7720, 1323
8184, 4590
9123, 208
7432, 5840
860, 69
9774, 1071
7006, 3656
6491, 9495
1545, 4643
9421, 5854
3510, 7071
3149, 4350
2411, 3092
857, 7645
9001, 8302
8236, 218
2066, 6253
5257, 8965
8617, 1193
231, 6236
1074, 5088
9590, 7150
9896, 8382
4640, 8702
9293, 9752
4682, 4662
6396, 7893
2313, 9109
1690, 8521
1746, 6807
3835, 4095
8682, 3647
9553, 8706
636, 1555
5791, 3720
1737, 4356
5964, 2444
1705, 1689
3988, 9190
9759, 9511
3192, 6889
6299, 3695
68, 8953
2378, 9300
6033, 6471
9048, 8455
8929, 3595
2741, 1057
8168, 2221
1892, 4332
1915, 6976
5728, 5726
5808, 2603
3578, 3588
3269, 6020
9662, 5527
8652, 539
8260, 4045
4212, 785
6610, 7646
5843, 5492
4718, 3873
1135, 1256
9552, 1267
1308, 1299
3094, 1076
415, 7684
3362, 9662
5154, 7137
7086, 8450
176, 9405
3168, 8193
64, 9762
5192, 6707
1438, 6544
38, 9688
2596, 4626
8152, 2665
4761, 3577
9009, 2618
6720, 2167
6438, 750
7505, 7930
658, 2999
5332, 8980
1465, 6905
1497, 7955
8153, 8265
2837, 2977
3884, 3559
5575, 8986
5818, 213
4073, 8965
7884, 7059
2866, 7154
6347, 6729
1832, 1695
7351, 2416
1699, 326
5555, 6509
7052, 4326
9086, 5947
9572, 6140
2605, 6564
3137, 6397
8371, 7003
5171, 3251
1138, 9769
6245, 4243
4059, 7827
3695, 2519
9842, 9748
3080, 6140
5965, 8780
9465, 2858
5419, 9733
8669, 1659
1041, 7405
2244, 6874
767, 165
5783, 2138
6898, 9301
4854, 3504
5298, 7673
7980, 5806
6364, 1501
1492, 8300
7082, 8192
7157, 629
3133, 9400
5993, 8379
333, 8498
5611, 7960
151, 8611
9871, 883
5125, 2464
4299, 1867
1500, 7863
6499, 9027
1103, 6857
515, 3802
7440, 2724
8805, 6582
8119, 2144
8834, 3052
923, 5350
3973, 9054
2381, 1672
3595, 6497
8372, 3713
263, 9930
6050, 442
210, 8245
3110, 4694
9199, 4306
1003, 9803
8109, 7341
3390, 4510
1285, 2231
2604, 6697
1779, 7878
7658, 8955
1154, 4758
7070, 3436
4752, 7338
3259, 2731
8801, 1283
2826, 263
703, 4604
7395, 7334
7150, 1136
8443, 789
4286, 264
840, 669
9514, 4373
1919, 2638
2173, 7910
8382, 4987
4964, 1719
4390, 1137
4030, 1206
8144, 3013
6480, 2531
6929, 2090
4726, 6195
712, 8539
9172, 257
7604, 1099
9130, 498
9202, 2630
9670, 9939
9059, 7140
3555, 3249
4333, 5162
8607, 1589
4712, 6780
6618, 8762
4889, 9379
5018, 3036
7499, 3111
6507, 9551
9624, 2745
3316, 7721
7400, 4192
5126, 5597
7617, 1134
9341, 3957
2444, 6398
2713, 2795
1608, 3980
7062, 6164
7032, 3280
8342, 2410
5751, 6665
1649, 8452
12, 1538
1971, 9764
7576, 5044
3108, 4428
1180, 8312
7573, 4446
8152, 1367
4069, 1919
3966, 7456
3971, 2008
1429, 9749
8078, 649
1242, 1522
8985, 1641
8912, 7306
5450, 9166
4440, 3536
3649, 1413
4444, 7888
6294, 7695
6085, 1880
5307, 1641
6268, 2166
9024, 7942
4606, 2799
6406, 507
8776, 9784
7659, 9990
6258, 5013
3972, 908
9336, 7676
2665, 1806
6611, 3701
2953, 1063
4055, 9232
3215, 9509
933, 7139
8828, 2609
3073, 8527
484, 6892
3214, 5070
2165, 392
5316, 2427
7841, 7281
7716, 7101
6285, 8326
3282, 4049
5185, 1032
817, 3060
8112, 6926
5405, 8538
6866, 5185
946, 1182
4141, 6699
7546, 1958
3379, 4071
5827, 1857
4068, 1829
718, 2416
4371, 6173
7876, 2143
8502, 6909
8291, 9087
1688, 5328
214, 8865
2425, 9277
1155, 9616
3525, 4937
4638, 2523
1297, 4778
6907, 6719
3105, 1562
721, 3309
1607, 2868
8250, 1325
1271, 9006
3206, 7470
6950, 9330
5743, 5240
9344, 2139
6711, 9072
8872, 5337
2397, 3224
3178, 3136
5791, 3169
412, 2099
1545, 7677
9892, 7673
348, 2517
9875, 2890
7818, 4868
4351, 4360
654, 6479
574, 3468
5368, 5969
5230, 2411
7574, 7798
4225, 4773
9758, 6372
5110, 4139
7592, 3522
627, 5546
2552, 8518
126, 7512
4552, 9678
5003, 5818
6133, 8922
8912, 2207
3360, 884
7204, 4989
4101, 2942
325, 7318
5304, 3575
1401, 9798
7259, 9625
2349, 396
9020, 5618
2889, 739
9355, 5212
3764, 2188
7018, 9963
8068, 2361
6877, 9843
5453, 3896
5872, 4788
4667, 842
7816, 8339
2267, 4383
1521, 3174
243, 8592
4263, 1243
2210, 6185
3537, 4485
5682, 9057
2663, 7141
5178, 7255
5700, 8689
1856, 6619
4486, 5123
508, 678
9874, 4385
6583, 5206
1061, 9492
562, 2010
3046, 4583
6675, 8727
9239, 2702
2058, 1733
7178, 656
7283, 9929
9263, 2531
3732, 3439
7307, 3027
6917, 7939
7941, 238
5487, 5180
5771, 4079
189, 806
5905, 2277
7039, 2603
5769, 5551
2990, 1214
798, 5782
218, 8499
1786, 8103
4606, 3854
7672, 9787
5909, 8486
1428, 3717
1542, 9158
1678, 4072
4299, 9664
9117, 5410
1664, 1054
5376, 5897
3350, 5975
3423, 3985
5559, 3610
8657, 87
3043, 5801
9415, 4140
5881, 4469
4693, 1249
9874, 3874
1281, 2380
3608, 6312
3940, 7701
6148, 7221
9517, 9679
8900, 9186
1301, 1014
2635, 1216
3197, 1217
978, 2926
1875, 2132
5388, 6699
3620, 2998
2616, 5810
3771, 137
1711, 1015
6823, 715
941, 8380
3067, 936
4525, 7056
5183, 5274
9885, 2821
6740, 9262
8369, 3452
9893, 3476
9635, 6655
7017, 275
2504, 635
8405, 5942
9037, 9560
477, 4519
1264, 2183
8251, 6119
6379, 4983
3928, 343
3148, 3523
8072, 7750
2304, 1995
1059, 583
77, 4590
6941, 4461
415, 769
1830, 2150
7354, 5471
4877, 4946
6238, 3852
9104, 3519
9657, 8247
5375, 7427
5686, 9388
8767, 5956
9843, 196
5754, 5431
9568, 5194
531, 5715
1635, 4234
535, 3297
3769, 5015
4255, 2547
183, 7081
1090, 5742
2974, 1106
2616, 5013
4653, 6652
1049, 4371
4880, 6897
1715, 6773
5623, 1462
9147, 5185
5361, 7092
2410, 6375
8327, 5668
5097, 5475
3221, 727
6008, 4604
2547, 239
1351, 4413
9282, 5662
1816, 285
9457, 1481
2347, 7980
6783, 2056
9609, 6700
8059, 9836
6157, 1833
4616, 8894
4524, 1543
4604, 3760
6453, 1880
8759, 7554
7028, 3334
5489, 4228
5072, 1491
6748, 451
836, 6394
7593, 8498
6619, 4817
4134, 3141
1876, 9278
4437, 3645
2133, 2195
9352, 4843
8460, 6967
1544, 9699
3633, 4451
5140, 9199
2615, 7877
3943, 2572
6033, 532
8898, 1573
2529, 98
6633, 7675
828, 5687
2874, 6413
4025, 5695
23, 5946
6104, 1138
8245, 5920
5455, 3355
9597, 5071
9200, 7224
2079, 8064
2374, 4317
4455, 6556
2126, 8789
8232, 6506
5715, 3127
5300, 5160
8465, 2769
8477, 4804
7499, 8739
3414, 9112
7592, 4842
3763, 3361
4920, 5207
912, 7114
8325, 5772
6525, 7962
1845, 6290
9014, 8262
2683, 7770
9728, 4804
6925, 782
1183, 1917
576, 6755
5029, 7326
8543, 6398
2534, 8076
3691, 6064
7623, 5713
7564, 2799
7076, 8967
4518, 6610
8704, 9392
5943, 7912
1383, 6592
4524, 358
1952, 2311
2115, 4715
1950, 4511
2716, 6754
1942, 8446
728, 6932
5818, 4632
4004, 3095
4628, 3829
5743, 1158
2783, 3674
6790, 6766
2142, 9223
4144, 4627
4944, 9964
8421, 3485
5435, 2585
6523, 9842
4341, 8912
4952, 5857
5298, 1705
9195, 5352
4056, 1234
2198, 7891
366, 2225
4628, 4082
7491, 7784
776, 6149
970, 7539
2070, 3543
7635, 3888
8618, 1700
7845, 8044
4486, 9095
3016, 1862
2394, 1237
4015, 8834
7740, 5968
114, 3261
9079, 6137
938, 8376
3439, 8661
2325, 6931
5890, 7243
3913, 647
7514, 8983
4757, 8863
5600, 62
7379, 1044
9306, 7838
9066, 1732
6997, 721
2512, 9471
7486, 1743
5805, 5245
2265, 4588
1002, 8255
1141, 2277
1192, 5489
4535, 6786
6638, 7608
6531, 3065
6042, 2206
1097, 8751
4568, 6695
1179, 3291
4736, 1406
4365, 377
3610, 833
2053, 8776
6509, 5575
3746, 2241
4805, 3578
3017, 4564
4434, 9140
1003, 8304
653, 3050
3010, 415
8006, 5615
5274, 1596
4328, 2631
6924, 3618
3214, 9721
70, 1282
3471, 8127
2678, 5024
2933, 2445
2277, 5131
1052, 3404
6304, 9959
6693, 578
7970, 8505
4218, 2432
206, 4398
3276, 4904
5335, 3608
888, 1608
8866, 3095
4632, 7751
6371, 5407
7589, 2075
2277, 4011
8058, 7349
9878, 4015
3349, 8394
4942, 1698
4614, 4606
2544, 64
8042, 9135
7512, 9370
8721, 4651
9013, 552
6603, 1871
5376, 4925
6321, 8126
5754, 8933
8816, 10
7829, 8190
144, 4402
601, 271
4610, 4823
1494, 6393
2409, 8940
5449, 3561
160, 347
9191, 1479
6089, 9358
9478, 5759
2709, 1280
3275, 4730
9151, 6481
2158, 1031
2914, 3967
4410, 1067
5515, 9912
8801, 7394
6090, 8553
893, 880
5362, 5361
2464, 4985
9376, 5719
5645, 4809
6040, 3300
6079, 1682
7610, 6511
263, 4512
8244, 6884
787, 1018
2385, 6927
5658, 8039
1055, 9547
7796, 2457
4846, 9698
1478, 9643
5796, 3039
891, 627
5054, 6584
9342, 7828
6449, 6881
3669, 5988
6287, 4127
6247, 820
6005, 7515
4797, 3681
9696, 6190
2358, 4101
4719, 6815
9909, 9659
5956, 9014
9494, 5582
1573, 9388
846, 4716
5471, 641
5183, 2348
9514, 3450
8826, 1449
6167, 6853
8479, 6218
2357, 1258
4080, 144
9731, 5584
53, 267
2928, 4424
5144, 1945
4927, 3226
5600, 7580
7863, 4843
4411, 1735
5350, 7336
9971, 213
5013, 3553
900, 4022
7894, 9701
1940, 7526
938, 3845
6464, 5276
2463, 8584
296, 636
9622, 5195
2881, 8361
4851, 178
9305, 5883
2398, 9888
3271, 7016
887, 5871
9039, 2371
3318, 2364
9941, 1070
1616, 6018
7994, 7500
5078, 9617
66, 4152
9431, 4858
118, 7099
5973, 443
3268, 5838
5525, 7522
7172, 3581
2240, 5887
9606, 8244
1383, 7562
8455, 5801
1731, 3726
531, 9669
5338, 9745
9364, 3280
2702, 8481
5352, 8712
7743, 9356
3120, 5646
3393, 3323
1637, 5757
136, 5821
2726, 3080
8479, 1804
7356, 9006
7417, 7182
2494, 3644
6095, 9003
7776, 5872
9863, 7461
7718, 9094
2645, 9544
2007, 4417
7884, 5888
2557, 6775
9085, 594
6136, 6025
6624, 7768
8242, 5838
6112, 8380
9325, 1371
5505, 527
2105, 2241
1149, 3623
146, 8643
3915, 5827
1349, 4914
4481, 540
9971, 6150
3504, 5963
2399, 7388
430, 145
273, 2263
4722, 182
2701, 4516
1031, 81
2077, 8622
7667, 9089
1467, 4202
2514, 4774
5419, 1104
6667, 9759
5461, 4775
4356, 5681
1760, 4124
1505, 224
9434, 6783
5432, 7085
3268, 6394
2256, 1996
8106, 7454
4760, 8033
2081, 6331
996, 1895
8, 8396
241, 6668
5361, 6462
5162, 9517
665, 4699
9747, 2137
2483, 9974
2211, 9732
2419, 6021
3887, 1003
6133, 8118
4432, 8670
9262, 8256
9143, 8959
3291, 9687
5783, 4454
3462, 3131
4816, 4382
2439, 2174
3612, 2304
2326, 9328
3874, 2121
3966, 2857
8888, 3499
493, 5986
22, 9885
6505, 7184
8726, 9072
845, 3118
8775, 8751
448, 2934
128, 6625
374, 9899
3777, 3375
7152, 566
4758, 2652
9871, 59
2677, 3590
5638, 6552
7494, 8568
7837, 3146
6802, 8057
4738, 3259
4516, 3125
5354, 5148
2445, 4757
3941, 602
2852, 6781
6719, 5040
9033, 3939
3890, 5929
7818, 2855
9785, 7297
2399, 5731
7632, 6695
9280, 0
3687, 9681
1703, 6178
4037, 3900
224, 3938
6473, 7373
5021, 7286
8492, 1545
437, 6654
7842, 2654
3036, 7678
8080, 8876
2974, 4883
4791, 7844
5957, 8484
3470, 779
7275, 6103
5198, 3066
3209, 7020
2918, 4454
7885, 6106
5199, 2615
234, 3348
5178, 5831
2154, 9768
6630, 8264
6462, 4452
1181, 18
6086, 7765
2254, 9129
987, 4957
3093, 1927
3866, 864
1078, 8139
7020, 3435
7114, 2669
2528, 4722
8544, 4876
2970, 693
3748, 5383
7316, 5966
2653, 1028
4754, 409
5903, 896
5348, 224
7009, 3156
8437, 3410
6410, 3552
1313, 2576
7941, 5094
7443, 6564
9219, 8758
747, 5278
5599, 306
559, 3004
7324, 2765
5449, 1413
5771, 1157
8062, 6354
201, 1401
9134, 4057
9637, 9993
951, 3080
3535, 3321
9716, 6827
4844, 8897
4979, 5289
7782, 4628
436, 6977
7121, 2379
4654, 5517
2824, 1134
1164, 1040
5189, 5070
8148, 6513
5279, 2689
8599, 4660
1054, 43
5572, 5793
8266, 6246
1560, 5812
5969, 6638
5312, 7824
616, 1532
4431, 464
5177, 300
1978, 860
1050, 4093
6529, 3636
8494, 3876
9640, 3868
9413, 3885
8516, 7828
7135, 6800
3409, 8851
3773, 2364
4655, 5536
3240, 3475
3678, 4540
123, 7569
2350, 8143
6315, 8921
5657, 9773
6152, 3070
1804, 6805
4267, 3227
5552, 5878
495, 8865
8535, 7230
7772, 6619
9026, 865
8702, 6366
9776, 4866
5316, 7330
6992, 8337
8389, 4551
6487, 8913
205, 4582
6365, 2181
4756, 134
5554, 9030
4672, 7448
8894, 1363
6161, 5759
4438, 9094
9610, 8847
8811, 9807
5488, 65
1276, 5184
6538, 7840
1355, 7203
1576, 2147
5885, 7259
976, 4231
8651, 7606
4468, 7256
4758, 5260
3504, 7741
5864, 6840
2639, 3021
9685, 8511
1453, 1217
7055, 4961
6502, 6680
8761, 4587
8589, 2993
6371, 7015
7610, 6664
2581, 9585
1211, 5184
1543, 5942
1099, 5737
5372, 5947
3279, 3727
6063, 9543
7533, 5503
7206, 8367
4168, 2070
5603, 9196
2294, 5255
9034, 9994
1170, 1897
8492, 6527
4237, 9947
2513, 4774
1456, 6149
5269, 5800
4444, 188
9241, 551
482, 1889
7002, 6134
8623, 8856
2191, 823
1503, 7584
1340, 7026
2115, 7971
8147, 3791
925, 1595
3066, 3553
247, 1023
3879, 1183
499, 8073
8616, 7680
5373, 1734
2272, 2611
2557, 6281
7388, 3624
3897, 3948
9699, 7789
5399, 2452
7931, 8409
9504, 975
89, 9327
7488, 8125
5280, 6032
714, 5160
5819, 6912
8473, 7202
6053, 6611
5233, 3066
853, 8467
2243, 858
3880, 577
8415, 3247
5158, 7589
8564, 22
7431, 4676
9091, 2832
7454, 7182
1442, 2690
9939, 6992
5532, 7563
7119, 5564
9765, 8770
80, 3251
1980, 3660
5885, 3901
5417, 1239
2995, 1349
5237, 5463
1453, 8723
8841, 9402
4242, 5735
3855, 4601
6873, 4991
325, 4653
7303, 5349
3600, 1644
6201, 5416
7004, 8447
6861, 694
4977, 2257
1402, 6995
8978, 4454
3633, 1544
8592, 2021
7131, 6314
2603, 1348
3409, 6582
9272, 238
3707, 6167
1021, 7892
3296, 7891
9481, 3821
2060, 9352
4850, 6171
2624, 8094
5574, 444
8114, 1881
6835, 3641
4885, 4750
162, 4639
2020, 111
9933, 2743
1400, 6965
2258, 6052
8810, 1225
3983, 313
8481, 6975
4909, 4660
956, 1039
5674, 5979
4284, 817
1886, 2562
1529, 1285
8639, 8853
9877, 6716
448, 8376
8557, 2470
6260, 4457
267, 3065
8880, 6574
6313, 6250
6399, 3089
5872, 1420
735, 4773
8782, 5522
7880, 7283
7062, 2818
2061, 1302
2161, 2649
2971, 3759
7587, 8229
3118, 245
2409, 4242
7411, 620
2414, 2324
9704, 6097
5356, 8430
32, 2240
1279, 8397
3859, 3411
6213, 5109
5169, 4839
8338, 8373
9863, 8684
9648, 6841
4218, 1145
4356, 844
9969, 9657
8684, 648
5711, 6566
3332, 1244
4589, 8384
5559, 1560
7063, 8858
4259, 1352
3661, 3586
3317, 5083
8441, 3819
3780, 5103
4272, 1785
9625, 8554
3905, 7976
668, 8487
5227, 1848
5674, 6940
7740, 9257
6834, 9844
8083, 4624
4543, 382
6007, 5459
2415, 4320
5296, 2711
1539, 3897
403, 2755
5247, 4450
4108, 3024
3697, 2800
7476, 2896
6670, 2970
6817, 3015
9720, 273
2188, 9899
1772, 6512
6846, 1572
9319, 1233
5764, 9087
3721, 8634
6018, 581
7714, 2242
2948, 515
7320, 5348
9375, 3317
411, 5119
3766, 3284
7567, 6199
616, 3834
6537, 7852
326, 3630
2197, 8580
8610, 640
4196, 8840
1380, 546
307, 7912
5654, 2880
8294, 9308
3455, 4926
8307, 2632
1277, 7085
1899, 8698
5339, 6522
3156, 9955
9778, 2115
3793, 3984
6428, 1399
9955, 6805
5059, 5161
1608, 3061
9000, 8623
5682, 6256
3888, 8509
5603, 7913
345, 9898
5412, 402
7194, 3772
6245, 3318
696, 9989
9934, 8707
837, 5609
6500, 9763
6482, 6218
4360, 8405
8822, 4258
8649, 829
8903, 2204
2602, 260
2388, 1360
6062, 477
2965, 5129
607, 134
1498, 2981
8093, 1335
865, 3384
4788, 4586
9331, 8397
7175, 7062
1197, 4299
2425, 1306
9101, 4895
1930, 8995
6642, 7372
6126, 9642
8454, 6043
2329, 3053
5192, 672
8087, 7384
2273, 8012
4168, 896
8809, 4377
1928, 7164
3970, 8389
6237, 704
7409, 1389
762, 5047
8589, 5813
8144, 7772
640, 6994
35, 4389
5274, 773
8235, 4525
7141, 436
2305, 1485
2116, 9366
681, 5254
7812, 5626
5184, 3629
9508, 2180
2586, 339
1089, 9654
1678, 6544
2666, 711
2958, 3324
6947, 4355
3966, 9705
5460, 6767
4101, 1297
6001, 2423
6769, 8295
4837, 2054
2821, 5660
2679, 4192
4494, 9169
863, 9935
8883, 500
4034, 5033
5418, 3465
7176, 1434
8312, 7302
3023, 1027
6608, 9243
4968, 6015
6621, 8092
4032, 4142
1531, 540
2473, 7472
1663, 6840
4374, 2447
7622, 5053
2294, 3993
6187, 2262
1463, 9737
6722, 1510
7548, 3105
2642, 6351
713, 7158
3152, 9645
6523, 2600
886, 4115
4740, 5821
9682, 9311
8324, 4489
6811, 2267
4772, 4891
7022, 9619
7820, 8567
3302, 5647
9525, 9820
5642, 6604
4728, 3041
3153, 6923
3636, 3985
6208, 933
4367, 8735
6148, 7209
2708, 8664
8891, 6932
4891, 1572
2813, 7564
4982, 120
2040, 4265
6711, 2092
6297, 112
1007, 2340
5382, 990
577, 3245
1832, 8045
6357, 3349
982, 7942
4057, 23
92, 9731
3346, 98
7354, 863
6768, 9766
2121, 5453
9055, 3290
2505, 3282
6554, 2556
9206, 6736
1898, 5846
1689, 5999
5612, 1273
2699, 2234
9984, 5929
9204, 436
749, 7061
8593, 4309
9010, 4881
2083, 6261
4920, 4130
1956, 8019
3156, 85
6709, 9506
2344, 9132
6675, 2001
4265, 454
6569, 1557
3371, 2106
9150, 8950
4008, 8096
5678, 6979
7120, 4508
7639, 2946
7753, 1432
2554, 7816
2264, 5084
7713, 2289
4712, 3885
5488, 8413
3159, 5839
3188, 7864
3761, 1240
2600, 7764
2675, 2723
3350, 8772
6337, 3150
5354, 2071
4372, 2848
9922, 5327
7611, 4970
338, 8366
8738, 9033
6501, 7580
1488, 7141
1517, 6264
2954, 6106
715, 8968
2373, 5696
2522, 4974
7449, 8761
3142, 6601
2401, 9174
1114, 8805
9102, 1270
7111, 336
9883, 3997
3968, 8666
7820, 7260
6402, 888
6175, 2435
9170, 1157
4485, 7472
1070, 5062
394, 8274
8485, 6904
9711, 3743
4530, 6521
4201, 446
8579, 2079
4323, 529
7737, 9481
526, 7219
7208, 8400
2392, 9386
8702, 265
9018, 313
5121, 8138
9116, 1781
4784, 4342
7411, 7106
6555, 1415
9451, 8633
2623, 1911
2095, 7352
3385, 4635
805, 2342
1708, 957
2551, 7473
7966, 6596
6652, 9686
2876, 834
2309, 5052
8702, 9098
5283, 5518
8470, 1051
5909, 4979
5489, 4190
2943, 6796
1792, 9112
