1
19
32
47
50
51
49
45
43
44
44
51
44
37
38
32
35
30
39
43
43
38
33
24
21
31
40
41
38
43
36
29
33
34
44
36
38
44
46
37
42
49
52
38
47
38
29
35
49
55
46
44
42
40
37
35
33
36
34
38
42
36
31
35
32
35
40
42
35
33
39
33
26
30
30
34
41
36
39
41
36
36
37
34
33
38
51
51
47
41
31
24
36
45
41
43
45
50
50
50
49
41
36
36
43
39
38
41
47
42
38
36
33
32
34
35
40
43
32
38
52
50
50
46
50
40
37
39
36
30
30
35
44
38
38
39
38
48
43
44
43
37
31
40
41
40
35
34
41
43
54
50
43
41
39
46
52
44
40
38
39
32
39
49
52
42
34
40
34
34
38
47
53
43
45
43
39
40
38
32
25
34
37
36
31
33
31
29
35
39
43
48
46
43
46
46
45
34
37
34
44
46
45
41
38
33
36
36
32
42
44
38
37
36
43
39
43
41
34
33
41
42
37
33
34
33
37
42
40
37
32
32
39
37
33
34
36
38
46
51
45
41
38
43
46
42
48
41
39
38
42
46
45
36
33
33
43
49
45
33
31
39
36
41
35
35
39
42
41
42
49
46
42
35
26
34
41
42
44
46
41
36
34
35
38
33
36
38
46
40
45
48
47
47
38
46
50
54
45
41
36
37
50
45
50
55
49
43
40
52
54
45
45
43
38
30
36
38
47
45
32
35
36
48
45
45
44
41
32
37
54
50
44
47
42
31
36
35
33
35
38
38
46
48
40
45
44
38
38
45
49
45
41
44
50
46
40
40
39
34
40
39
42
41
45
43
39
43
40
36
39
45
50
49
43
38
36
36
48
52
42
30
39
39
34
32
32
36
36
36
38
36
33
31
29
30
32
35
37
47
47
48
43
37
46
45
43
45
45
41
39
38
38
41
47
53
51
40
45
48
43
33
29
33
45
33
33
34
37
38
35
35
40
42
42
43
41
44
45
40
33
30
41
36
31
35
35
34
33
27
37
41
41
37
37
32
34
29
40
38
43
39
50
54
37
39
34
33
30
37
42
38
41
42
46
40
47
44
53
51
45
39
40
55
46
45
39
43
38
37
44
36
35
41
38
43
39
39
34
40
45
46
44
42
48
41
38
34
42
44
36
34
36
36
30
36
47
45
48
42
41
41
48
41
46
37
32
30
33
39
39
41
43
39
36
43
46
41
35
37
36
34
32
32
41
40
36
32
35
38
34
33
33
39
36
37
38
40
48
49
44
39
39
44
40
44
37
36
30
42
49
51
35
32
31
39
47
48
54
44
39
44
47
61
52
39
42
42
43
45
44
52
42
36
32
39
45
40
42
45
47
44
44
51
46
42
35
37
41
44
46
38
35
39
42
36
36
46
47
39
33
43
52
39
30
27
31
47
50
46
35
36
34
34
35
37
36
45
43
39
46
45
48
41
44
45
42
38
41
43
37
33
30
39
38
33
40
40
41
47
44
38
43
51
53
46
41
39
41
39
30
30
29
36
32
32
30
31
33
39
36
37
33
46
46
55
51
46
45
41
45
39
40
33
41
44
45
43
47
50
51
36
31
46
43
42
38
33
38
48
47
39
41
45
38
31
26
33
38
36
33
34
35
42
38
29
29
39
35
36
37
43
46
42
32
36
44
46
36
27
32
49
44
37
34
34
43
33
38
48
51
50
47
45
36
41
44
44
45
28
36
50
57
50
36
39
49
49
43
53
55
54
49
49
44
48
40
50
39
36
38
39
35
42
37
45
38
37
39
44
43
43
37
38
36
44
43
36
36
44
50
39
39
35
41
40
41
40
45
40
34
29
30
33
47
45
36
44
49
41
34
45
51
52
45
43
46
52
40
40
38
44
48
56
45
34
27
30
28
34
43
44
46
43
39
40
44
39
32
36
34
28
31
32
40
41
38
35
45
51
40
38
44
43
35
34
34
40
42
39
35
39
45
56
49
34
28
34
35
34
35
42
46
50
50
48
43
46
39
43
42
42
42
43
37
37
34
39
32
26
24
30
42
49
42
36
41
48
43
46
45
37
41
34
35
46
52
50
51
48
46
44
44
40
39
43
51
63
52
42
42
45
42
42
35
31
28
29
30
36
41
44
39
38
36
38
37
39
45
49
48
37
33
41
35
37
39
40
28
39
38
44
44
41
36
36
40
40
42
46
49
51
45
46
41
46
39
39
51
50
47
38
33
39
36
39
43
40
32
33
33
45
45
50
44
40
32
37
36
34
