8
92
172
250
315
409
502
571
637
701
758
757
750
760
780
781
760
759
773
784
793
787
811
805
806
802
806
808
800
792
801
806
790
787
762
749
757
783
778
804
824
810
812
808
815
819
820
813
820
797
752
761
758
755
773
763
754
740
767
779
801
810
802
803
798
808
813
808
795
798
798
811
808
804
808
799
788
803
791
793
786
757
775
788
784
772
797
783
788
785
808
813
807
820
822
834
818
824
837
835
826
826
815
803
786
823
815
800
781
771
762
759
775
756
774
737
750
773
764
767
769
788
778
797
804
825
819
816
848
846
852
847
842
841
816
821
823
835
825
803
798
774
792
767
782
751
750
732
714
759
768
782
764
782
787
808
798
802
804
812
803
805
800
795
781
788
808
824
835
818
814
828
852
866
876
859
850
836
824
825
808
801
789
811
801
805
804
803
819
824
857
844
842
810
820
852
866
885
880
877
852
855
861
870
887
855
836
814
817
822
834
836
839
826
811
813
812
830
818
804
799
808
804
814
798
779
787
779
785
783
787
773
770
779
802
823
828
821
827
832
845
860
857
838
837
821
807
806
805
818
800
793
798
800
792
798
804
793
785
771
765
782
786
802
808
814
824
821
829
813
821
803
811
805
804
797
793
794
791
801
818
806
787
772
762
759
753
772
770
768
759
763
776
789
804
806
818
807
815
813
790
779
769
782
780
794
788
789
763
749
761
775
782
770
759
747
741
741
783
789
792
799
817
825
831
833
846
843
827
823
821
829
809
779
773
772
761
763
765
776
773
764
743
778
784
792
785
799
795
816
818
809
818
816
815
795
810
799
811
807
811
821
830
808
811
815
810
802
797
783
798
788
794
805
801
797
789
796
773
761
730
729
722
733
758
760
760
765
774
788
815
814
816
800
775
787
806
796
799
795
806
814
812
816
803
805
793
800
796
810
786
795
810
806
823
823
822
844
843
828
843
847
836
832
832
820
817
793
800
811
786
762
762
771
754
771
769
775
768
746
770
768
770
782
790
783
796
780
782
805
794
823
830
817
817
841
817
830
822
811
825
809
818
814
824
805
825
823
837
836
821
819
814
829
830
822
806
796
801
815
822
826
810
803
795
780
790
794
790
787
784
785
782
780
781
804
795
805
816
808
807
800
808
796
785
766
776
777
767
773
777
789
799
804
836
870
848
831
819
811
810
813
792
786
763
748
787
792
811
803
785
782
779
787
788
777
759
770
735
736
750
742
749
739
744
758
773
759
765
791
798
797
779
794
780
757
746
755
772
749
749
760
793
785
793
801
787
786
789
804
793
773
782
786
785
780
799
808
799
779
780
791
757
776
777
799
806
793
795
805
811
821
823
819
827
826
815
815
830
825
809
798
810
800
789
788
790
809
791
790
806
820
817
819
819
826
829
798
810
829
828
808
799
779
777
745
737
752
759
747
747
759
771
767
775
799
787
793
797
811
817
824
824
836
828
816
832
826
800
796
783
786
785
802
808
807
807
794
799
798
793
788
795
798
801
810
796
822
821
813
825
825
810
788
780
779
787
785
795
801
801
780
785
792
788
789
792
787
782
776
783
796
800
809
823
818
814
817
828
834
818
820
827
820
818
821
819
811
796
792
812
814
807
810
829
825
830
819
819
816
792
807
803
789
777
770
766
776
778
782
797
784
793
800
777
801
797
797
789
775
762
746
731
726
751
744
756
758
769
792
800
807
817
843
841
825
830
841
841
837
833
835
824
810
782
788
770
772
769
778
782
781
785
779
812
810
818
817
812
802
791
811
806
802
796
797
812
813
808
813
820
812
824
816
802
798
782
779
793
784
796
782
775
782
796
793
800
803
813
802
788
798
791
788
788
789
773
767
743
753
753
741
753
766
749
744
735
746
773
773
785
782
786
787
785
800
824
802
784
788
790
805
799
794
796
801
782
786
797
807
788
777
780
790
798
787
793
796
777
779
795
789
789
796
790
784
792
799
824
820
827
836
813
795
790
803
808
789
780
784
767
770
778
783
785
785
779
788
786
785
804
811
834
830
842
840
843
839
842
823
796
797
793
802
793
790
784
812
808
816
832
822
806
788
782
776
785
758
745
753
765
765
790
796
816
833
828
822
823
804
787
791
789
786
790
786
776
802
811
823
828
818
818
818
801
792
809
800
799
805
800
801
774
786
814
833
821
820
832
835
845
875
887
876
860
861
875
883
872
861
862
849
854
860
846
829
823
819
820
826
829
811
811
815
824
838
839
823
814
810
806
803
807
809
821
817
805
800
813
804
