2
14
25
35
40
46
56
62
74
79
90
99
104
110
118
122
127
136
146
159
168
176
185
199
206
214
228
241
248
256
263
275
285
290
300
313
324
331
338
345
352
360
364
372
381
392
402
408
418
425
431
441
449
453
462
472
478
490
498
509
513
524
536
544
550
558
569
577
589
595
604
608
614
622
632
642
648
661
667
679
682
692
697
701
711
725
730
743
749
753
759
762
768
772
778
786
791
799
807
814
818
815
814
810
813
812
809
812
807
809
803
800
809
807
809
821
823
821
816
810
808
812
816
813
810
811
804
804
809
807
808
805
801
804
807
804
798
798
798
797
796
798
803
797
794
792
789
792
791
792
799
797
795
802
802
797
799
792
795
792
797
800
795
794
793
797
792
795
792
795
791
791
797
795
795
791
789
787
785
777
787
786
787
791
791
787
790
783
785
788
790
792
797
796
799
799
800
802
806
804
801
793
792
792
806
811
808
804
805
803
804
812
809
809
807
800
801
806
809
811
812
806
802
797
801
798
798
794
785
792
800
801
801
797
791
790
798
796
796
802
805
801
801
805
806
807
809
807
810
808
798
796
801
803
800
801
799
805
802
798
797
791
795
802
807
807
805
803
799
799
805
809
803
805
804
800
799
793
797
800
798
797
800
798
795
790
789
791
789
788
784
791
782
790
787
787
785
790
785
787
788
798
794
796
780
776
781
786
792
792
796
790
793
799
796
796
803
800
801
794
798
802
797
800
797
801
805
806
807
801
795
788
793
798
798
798
792
796
794
794
793
797
800
805
800
801
801
803
798
801
806
805
799
797
797
797
797
794
797
800
802
801
797
790
786
784
788
787
787
784
780
779
781
783
785
793
798
802
808
809
802
802
798
800
800
806
810
811
812
812
819
812
817
813
816
814
817
805
806
807
812
809
812
810
812
817
817
813
806
807
805
808
803
798
801
794
788
787
785
792
788
782
788
791
788
790
785
779
779
781
778
778
775
777
780
776
773
769
772
769
772
772
768
757
763
762
763
759
760
757
761
764
765
761
766
767
763
766
763
767
769
766
764
770
770
765
765
766
762
766
765
763
758
755
747
745
742
743
736
735
741
740
740
739
739
738
739
740
741
744
744
749
750
753
754
761
760
767
765
766
763
761
763
763
764
759
761
759
762
764
767
764
761
760
757
763
760
758
759
758
756
764
763
757
767
765
774
780
782
779
778
787
787
784
781
785
786
789
792
791
787
782
782
789
788
786
783
784
787
785
781
780
785
787
784
783
789
787
787
792
785
793
794
788
795
795
795
793
801
799
801
807
819
818
825
826
839
835
837
842
835
835
840
840
842
843
836
834
832
832
828
826
829
833
829
821
822
817
822
820
820
823
819
820
820
824
820
828
826
825
820
819
821
821
818
818
820
818
826
826
826
816
811
814
816
812
802
798
801
802
801
795
795
794
793
792
797
796
790
787
787
792
792
795
792
788
787
786
780
787
783
784
778
777
778
785
782
779
780
772
773
771
773
775
767
770
770
770
765
766
763
761
752
755
759
763
754
748
743
736
737
738
739
736
733
734
742
741
744
747
749
751
751
741
743
743
743
742
733
740
740
738
737
737
735
730
735
734
734
733
737
737
735
737
742
743
748
755
744
744
746
756
760
761
755
760
759
758
757
762
762
760
758
765
769
774
771
771
773
775
780
776
777
778
784
792
794
803
802
804
805
803
803
800
803
796
797
797
800
796
794
793
792
787
791
788
785
787
788
789
788
789
788
787
780
770
769
775
779
782
788
785
780
780
780
778
776
775
774
771
765
763
763
769
770
769
770
774
783
776
777
781
785
783
784
785
781
782
783
782
780
784
785
787
789
796
786
784
792
786
788
779
778
777
771
771
772
775
773
772
776
784
791
785
780
774
773
780
784
785
781
785
784
780
776
770
769
763
766
757
761
764
763
770
765
766
763
764
760
764
770
768
772
776
776
776
781
776
780
779
782
781
783
780
777
782
782
783
783
784
779
784
785
787
787
785
781
784
791
789
795
799
797
795
799
807
807
802
799
800
802
796
795
799
801
802
800
795
796
796
797
797
802
801
800
789
798
796
791
799
794
797
800
804
808
808
811
810
810
805
804
806
805
807
807
806
812
806
806
805
803
795
794
796
795
800
803
800
801
804
805
802
808
806
807
803
808
808
808
810
808
807
804
807
806
811
810
811
807
805
803
800
808
812
817
824
827
826
826
820
824
822
824
826
830
831
829
826
814
813
809
803
805
802
795
797
794
795
792
791
