1
5
9
13
16
18
25
30
33
40
45
50
59
63
68
71
77
80
86
89
93
101
105
107
111
114
119
122
126
133
135
135
142
148
149
155
157
159
163
166
169
175
180
182
186
187
189
194
198
199
201
202
206
208
213
218
222
224
226
229
233
235
239
243
245
249
251
256
259
262
264
268
272
276
279
282
284
288
291
297
298
298
301
304
306
309
313
318
326
331
337
340
344
347
352
363
365
369
372
377
381
384
386
393
395
401
405
409
415
419
421
428
433
439
444
448
452
455
457
461
466
470
473
481
483
487
490
493
495
496
499
502
506
510
510
517
523
527
530
536
537
539
540
542
546
555
561
567
572
574
577
580
584
589
590
593
601
604
609
612
620
627
632
634
639
644
648
653
656
660
664
670
675
678
683
689
692
699
701
705
710
712
714
715
720
721
724
725
729
730
733
733
734
736
743
748
750
755
755
757
760
760
760
759
760
763
762
760
760
756
754
756
749
751
752
751
746
744
742
743
745
743
743
744
744
741
739
740
738
736
736
741
739
736
740
739
742
744
744
745
745
745
744
746
746
749
749
745
746
755
757
764
763
764
766
766
767
770
772
774
774
776
773
771
773
769
770
773
773
775
779
778
776
779
777
777
781
781
783
779
786
787
791
791
793
795
792
790
788
785
782
784
781
780
779
770
768
767
766
766
767
771
772
768
771
768
767
768
763
761
763
758
756
759
759
761
759
759
762
760
762
761
760
761
761
759
757
758
761
765
768
769
768
768
772
769
767
769
769
769
771
770
771
774
776
768
764
762
759
761
764
765
767
766
770
771
766
768
770
771
765
763
761
764
766
765
768
767
773
770
767
768
768
769
767
767
766
761
762
767
765
768
770
776
777
779
779
780
779
782
784
791
792
793
788
785
787
789
799
801
803
802
802
805
803
802
802
802
801
801
804
800
800
796
795
798
799
800
802
802
799
796
800
802
800
804
804
804
808
809
811
809
808
808
808
806
809
807
807
810
809
806
807
804
805
804
804
805
803
804
800
794
792
792
788
785
784
787
784
783
784
782
784
785
788
791
791
787
792
793
789
790
800
797
801
805
805
803
804
804
803
805
802
802
802
798
802
802
800
802
803
805
807
810
811
812
816
821
825
823
824
820
820
821
820
823
822
825
829
834
835
839
838
837
834
834
837
840
839
839
837
835
840
836
837
836
836
838
837
836
832
831
833
830
826
827
828
826
828
824
825
829
831
830
826
827
830
829
833
835
833
831
829
829
828
829
833
833
830
830
831
831
832
830
824
824
821
822
815
815
817
813
812
811
810
808
809
810
813
810
809
808
812
807
805
808
807
809
810
809
806
801
807
809
812
815
814
810
806
802
800
800
798
793
795
795
796
800
800
801
802
800
801
802
799
797
799
798
797
800
802
803
799
797
799
796
797
798
796
797
798
799
803
804
804
804
800
801
804
806
808
813
810
811
814
816
819
819
819
812
816
822
824
824
828
833
836
833
834
832
829
831
832
831
832
833
835
839
838
839
840
839
831
830
826
823
820
825
826
824
820
819
819
821
819
820
816
813
814
816
817
812
815
814
809
809
806
801
800
800
797
802
805
806
809
809
812
806
806
807
806
801
804
796
800
796
795
791
793
794
792
793
789
786
789
791
794
792
793
794
799
798
800
804
808
810
811
810
808
807
810
809
809
808
808
813
810
810
808
805
807
810
807
811
812
811
812
814
813
815
814
812
812
812
812
811
812
809
814
815
816
816
818
822
822
823
820
822
822
823
826
825
820
822
823
820
819
817
819
819
824
824
823
824
821
818
820
819
817
818
819
820
821
823
822
824
820
815
819
821
819
820
820
818
819
820
824
828
825
820
817
816
814
814
815
816
816
814
816
816
813
813
808
806
804
804
804
803
800
798
802
795
795
799
796
798
797
800
801
800
800
795
796
799
795
790
789
787
787
789
789
790
791
793
789
790
794
790
786
782
783
782
784
787
792
790
789
784
781
783
783
784
783
782
785
791
791
793
793
791
790
791
790
788
789
788
791
791
792
792
795
792
789
789
787
788
787
789
788
786
784
787
789
795
793
793
791
795
792
793
794
797
803
809
805
806
804
802
799
800
798
800
797
794
794
787
783
784
785
789
785
784
784
789
791
791
797
801
798
795
791
790
791
785
784
781
777
777
779
777
778
783
784
784
788
790
789
792
790
794
796
795
790
786
786
786
790
790
786
782
780
780
780
781
779
781
783
787
781
785
783
785
782
782
785
790
794
795
796
797
